##FastQC	0.11.5
>>Basic Statistics	pass
#Measure	Value
Filename	MTWT4_1.fq
File type	Conventional base calls
Encoding	Sanger / Illumina 1.9
Total Sequences	36335162
Sequences flagged as poor quality	0
Sequence length	150
%GC	50
>>END_MODULE
>>Per base sequence quality	pass
#Base	Mean	Median	Lower Quartile	Upper Quartile	10th Percentile	90th Percentile
1	36.53980708824141	37.0	37.0	37.0	37.0	37.0
2	36.56194060728283	37.0	37.0	37.0	37.0	37.0
3	36.6369294569266	37.0	37.0	37.0	37.0	37.0
4	36.635914930006365	37.0	37.0	37.0	37.0	37.0
5	36.64929447679358	37.0	37.0	37.0	37.0	37.0
6	36.624941812561616	37.0	37.0	37.0	37.0	37.0
7	36.62431993560398	37.0	37.0	37.0	37.0	37.0
8	36.66095400923216	37.0	37.0	37.0	37.0	37.0
9	36.6703293630561	37.0	37.0	37.0	37.0	37.0
10-14	36.65968761058503	37.0	37.0	37.0	37.0	37.0
15-19	36.64635301749859	37.0	37.0	37.0	37.0	37.0
20-24	36.63147796065971	37.0	37.0	37.0	37.0	37.0
25-29	36.59379189777659	37.0	37.0	37.0	37.0	37.0
30-34	36.56898978460589	37.0	37.0	37.0	37.0	37.0
35-39	36.56666513830323	37.0	37.0	37.0	37.0	37.0
40-44	36.525093395758084	37.0	37.0	37.0	37.0	37.0
45-49	36.50574478242315	37.0	37.0	37.0	37.0	37.0
50-54	36.49153870292363	37.0	37.0	37.0	37.0	37.0
55-59	36.46734737552567	37.0	37.0	37.0	37.0	37.0
60-64	36.43670477649171	37.0	37.0	37.0	37.0	37.0
65-69	36.41474507805965	37.0	37.0	37.0	37.0	37.0
70-74	36.38851316529151	37.0	37.0	37.0	37.0	37.0
75-79	36.37749173101251	37.0	37.0	37.0	37.0	37.0
80-84	36.35041255079584	37.0	37.0	37.0	37.0	37.0
85-89	36.31872965366165	37.0	37.0	37.0	37.0	37.0
90-94	36.2763677013467	37.0	37.0	37.0	37.0	37.0
95-99	36.256450057935616	37.0	37.0	37.0	37.0	37.0
100-104	36.22013217940243	37.0	37.0	37.0	37.0	37.0
105-109	36.18680616863632	37.0	37.0	37.0	37.0	37.0
110-114	36.159981265530064	37.0	37.0	37.0	37.0	37.0
115-119	36.11374127353554	37.0	37.0	37.0	37.0	37.0
120-124	36.08783055928029	37.0	37.0	37.0	37.0	37.0
125-129	36.05774999984863	37.0	37.0	37.0	37.0	37.0
130-134	35.994632394923684	37.0	37.0	37.0	37.0	37.0
135-139	35.9529357815991	37.0	37.0	37.0	37.0	37.0
140-144	35.87724637088449	37.0	37.0	37.0	37.0	37.0
145-149	35.86203673455481	37.0	37.0	37.0	37.0	37.0
150	35.80419688234774	37.0	37.0	37.0	37.0	37.0
>>END_MODULE
>>Per sequence quality scores	pass
#Quality	Count
13	19.0
14	209.0
15	884.0
16	1866.0
17	3046.0
18	4410.0
19	6038.0
20	8134.0
21	10835.0
22	14418.0
23	19157.0
24	26132.0
25	35562.0
26	50504.0
27	70460.0
28	99347.0
29	137538.0
30	185957.0
31	249350.0
32	338593.0
33	480707.0
34	806304.0
35	2214487.0
36	2.6701187E7
37	4870018.0
>>END_MODULE
>>Per base sequence content	fail
#Base	G	A	T	C
1	31.284949554777164	12.620924839917064	17.7340147559065	38.36011084939928
2	25.74463478642305	21.50097013802703	32.77420386676083	19.98019120878909
3	27.737440936136316	24.557180139310613	21.684774323396244	26.020604601156826
4	29.23254614909932	30.87218380917085	17.86227621607962	22.03299382565021
5	28.588610668641024	30.55859775718077	20.235294396100397	20.617497178077805
6	22.827698100121374	33.14243998029389	20.918247146604134	23.111614772980605
7	20.304609656575597	16.221195460330733	38.54011313230012	24.934081750793542
8	22.566878163483665	19.987463376019374	27.015698108891335	30.42996035160563
9	23.804291700066365	19.56086994310029	28.019680002492354	28.61515835434099
10-14	25.35238985593409	25.60923418266797	24.119379222301873	24.918996739096073
15-19	25.41265345122171	24.185450996475534	25.03576177808152	25.366133774221232
20-24	25.374205598636816	24.912450087737607	24.70830346602692	25.005040847598654
25-29	25.352794078639306	24.868382312427837	24.65423217323209	25.124591435700765
30-34	25.254719381738273	24.94809352989812	24.69535817674351	25.1018289116201
35-39	25.34247514845262	24.868352589153172	24.600515060315406	25.1886572020788
40-44	25.357390543297786	24.823250502472085	24.639310172379407	25.18004878185073
45-49	25.38507786103433	24.786707547622566	24.553093592970786	25.275120998372312
50-54	25.308663822663018	24.823093399170755	24.630762345300674	25.237480432865556
55-59	25.401481492783667	24.75807662427968	24.53222377008928	25.308218112847374
60-64	25.29037630271196	24.77183341029276	24.585082075593885	25.3527082114014
65-69	25.37934136636022	24.81396560169458	24.5518063191792	25.254886712766
70-74	25.36655045049751	24.782901477087126	24.534078587567603	25.316469484847765
75-79	25.34546453928016	24.756820954864605	24.56089063260541	25.33682387324983
80-84	25.337193762890063	24.767128876431045	24.567941653872357	25.327735706806536
85-89	25.40920169834388	24.812751901312563	24.50135766561327	25.276688734730286
90-94	25.35745677974409	24.78754601396851	24.529022878720067	25.32597432756733
95-99	25.391480571904427	24.82368896552601	24.536870924092756	25.247959538476806
100-104	25.446122959352707	24.80117303453883	24.460291659082188	25.29241234702628
105-109	25.396432249290648	24.800438209137475	24.52982045325682	25.27330908831506
110-114	25.41128342843222	24.836196409417415	24.456309290708543	25.296210871441826
115-119	25.441647134438504	24.84306826366227	24.46354222351938	25.251742378379845
120-124	25.472064222529127	24.83934432437648	24.395030906976555	25.29356054611783
125-129	25.427196939427432	24.909259521121715	24.433520345939286	25.230023193511563
130-134	25.50869210380843	24.902343905883782	24.301219848696423	25.28774414161137
135-139	25.436548211894582	24.913533617931854	24.36797061755222	25.281947552621343
140-144	25.506945187335212	24.970107054156166	24.2720344627068	25.250913295801823
145-149	25.492485763514694	24.986540035241898	24.289661898301155	25.231312302942253
150	25.398978543153323	25.008032164546286	24.34318580993254	25.24980348236785
>>END_MODULE
>>Per sequence GC content	pass
#GC Content	Count
0	1133.0
1	826.0
2	427.5
3	282.0
4	237.5
5	233.0
6	224.0
7	224.0
8	227.0
9	242.5
10	275.5
11	350.5
12	455.5
13	585.5
14	778.0
15	1087.5
16	1623.5
17	2658.5
18	4026.5
19	5947.0
20	8978.0
21	13328.0
22	19650.0
23	29519.0
24	43054.5
25	58188.0
26	76073.5
27	98315.5
28	123800.5
29	152498.0
30	183001.0
31	217163.5
32	258171.5
33	304060.5
34	357362.0
35	414366.0
36	478774.0
37	542182.5
38	608226.0
39	687632.0
40	764634.5
41	832348.5
42	902724.0
43	978352.5
44	1054281.0
45	1127886.5
46	1192449.0
47	1256175.5
48	1312527.0
49	1351697.0
50	1400754.0
51	1454135.5
52	1480695.0
53	1494334.0
54	1489356.5
55	1459336.5
56	1408558.5
57	1331899.5
58	1246343.5
59	1146756.0
60	1024516.5
61	896196.5
62	766190.0
63	642279.5
64	533683.5
65	437019.5
66	355547.0
67	297166.5
68	255180.0
69	216040.0
70	184251.5
71	162060.0
72	146824.0
73	135221.0
74	122376.5
75	109194.0
76	97432.5
77	89439.5
78	82012.5
79	72645.5
80	62457.0
81	54063.5
82	46415.0
83	39445.5
84	34243.0
85	27849.5
86	19988.0
87	13838.0
88	10022.0
89	7111.5
90	4527.5
91	2925.0
92	1973.0
93	1299.0
94	843.0
95	617.0
96	477.0
97	364.5
98	295.5
99	187.5
100	70.5
>>END_MODULE
>>Per base N content	pass
#Base	N-Count
1	0.06085014840445736
2	0.021623682316319382
3	0.005011674366554359
4	0.0
5	0.0
6	0.0034732196873100496
7	1.1008620245039777E-5
8	5.779525628645883E-5
9	1.1008620245039777E-5
10-14	0.0010738909049036302
15-19	0.0
20-24	7.706034171527843E-6
25-29	0.0
30-34	0.0
35-39	0.0
40-44	2.5319826563591487E-5
45-49	1.0458189232787789E-5
50-54	0.0
55-59	5.504310122519888E-7
60-64	0.0
65-69	0.0
70-74	0.0
75-79	0.0
80-84	0.0
85-89	0.0
90-94	0.0
95-99	0.0
100-104	0.0
105-109	0.0
110-114	0.0
115-119	1.1008620245039776E-6
120-124	0.0
125-129	0.0
130-134	0.0
135-139	0.0
140-144	2.7521550612599443E-6
145-149	0.0
150	0.0
>>END_MODULE
>>Sequence Length Distribution	pass
#Length	Count
150	3.6335162E7
>>END_MODULE
>>Sequence Duplication Levels	fail
#Total Deduplicated Percentage	46.39337222870224
#Duplication Level	Percentage of deduplicated	Percentage of total
1	62.635319571941984	29.058636955648232
2	19.013554177290263	17.64205792675247
3	7.720945037874823	10.746020312984344
4	3.6917339069122606	6.850879412508067
5	2.0097409625337925	4.661933027905027
6	1.2565859775120456	3.4978356595250393
7	0.7790568816010491	2.5300153126814635
8	0.5351999816479608	1.986378557231076
9	0.41612940743804344	1.73750818451242
>10	1.8098149409252275	14.263717417298277
>50	0.08899015764494259	2.8165812240351698
>100	0.04065843344165442	3.351177511195394
>500	0.001840431567378634	0.5581897219914473
>1k	4.301316685607547E-4	0.29906877573149393
>5k	0.0	0.0
>10k+	0.0	0.0
>>END_MODULE
>>Overrepresented sequences	pass
>>END_MODULE
>>Adapter Content	pass
#Position	Illumina Universal Adapter	Illumina Small RNA 3' Adapter	Illumina Small RNA 5' Adapter	Nextera Transposase Sequence	SOLID Small RNA Adapter
1	3.853017085763922E-5	1.1008620245039777E-5	0.0	2.7521550612599443E-6	0.0
2	6.0547411347718774E-5	7.155603159275855E-5	0.0	5.779525628645883E-5	0.0
3	7.706034171527844E-5	7.155603159275855E-5	0.0	7.155603159275855E-5	1.3760775306299721E-5
4	1.3210344294047733E-4	7.155603159275855E-5	0.0	7.981249677653839E-5	1.6512930367559666E-5
5	1.431120631855171E-4	7.706034171527844E-5	0.0	9.082111702157817E-5	1.6512930367559666E-5
6	1.7063361379811656E-4	7.981249677653839E-5	0.0	1.2659913281795745E-4	1.926508542881961E-5
7	1.7889007898189637E-4	1.0458189232787788E-4	0.0	1.3485559800173726E-4	1.926508542881961E-5
8	2.587025757584348E-4	1.2659913281795745E-4	0.0	1.98155164410716E-4	2.47693955513395E-5
9	2.917284364935541E-4	1.2659913281795745E-4	0.0	2.2017240490079554E-4	3.0273705673859387E-5
10-11	4.141993367196216E-4	1.293512878792174E-4	0.0	2.3668533526835522E-4	3.715409332700925E-5
12-13	4.953879110267899E-4	1.48616373308037E-4	0.0	2.6283080835032464E-4	5.366702369456892E-5
14-15	6.027219584159279E-4	1.6237714861433672E-4	0.0	3.1099352192237367E-4	5.779525628645883E-5
16-17	7.004234630906558E-4	1.6925753626748658E-4	0.0	3.2888252982056336E-4	6.192348887834874E-5
18-19	8.600484566437326E-4	1.885226216963062E-4	0.0	3.646605456169426E-4	6.880387653149861E-5
20-21	0.0010293059929112193	2.022833970026059E-4	0.0	4.6236205029167064E-4	7.706034171527844E-5
22-23	0.0012315893899138251	2.1053986218638575E-4	0.0	5.545592448438787E-4	8.256465183779833E-5
24-25	0.0013705732205074523	2.174202498395356E-4	0.0	7.513383317239648E-4	8.39407293684283E-5
26-27	0.0015384546792443089	2.270527925539454E-4	0.0	8.146378981329435E-4	9.632542714409806E-5
28-29	0.0017668835493288844	2.4356572292150508E-4	0.0	8.545441465212127E-4	1.1421443504228769E-4
30-31	0.0020448512105161387	2.8209589377914434E-4	0.0	8.930743173788519E-4	1.1696659010354763E-4
32-33	0.0023929988257655214	3.027370567385939E-4	0.0	9.976562097067298E-4	1.3485559800173726E-4
34-35	0.002670966486952776	3.096174443917437E-4	0.0	0.0010499471558706687	1.3623167553236724E-4
36-37	0.0029516863032012903	3.4401938265749303E-4	0.0	0.0011077424121571275	1.3760775306299723E-4
38-39	0.003298457840920043	3.605323130250527E-4	0.0	0.001139392195361617	1.4586421824677704E-4
40-41	0.0036094513628424168	3.6603662314757264E-4	0.0	0.001186178831403036	1.5687283849181684E-4
42-43	0.004004385614133219	3.7291701080072247E-4	0.0	0.0011958113741174458	1.6650538120622664E-4
44-45	0.004426841416036621	3.853017085763922E-4	0.0	0.001246726242750755	1.7476184639000648E-4
46-47	0.004856177605593172	3.908060186989121E-4	0.0	0.0013182822743435132	1.8439438910441627E-4
48-49	0.005329548276129882	3.93558173760172E-4	0.0	0.001337547359772333	1.9402693181882607E-4
50-51	0.005866218513075571	4.018146389439519E-4	0.0	0.0013554363676705227	2.119159397170157E-4
52-53	0.006468940471491499	4.1832756931151153E-4	0.0	0.0013664449879155624	2.2980494761520534E-4
54-55	0.007125329453601996	4.4997735251600093E-4	0.0	0.0013870861508750118	2.655829634115846E-4
56-57	0.0079289587314899	4.7612282559797035E-4	0.0	0.001432496709385801	2.697111960034745E-4
58-59	0.00891423024342096	4.9401183349616E-4	0.0	0.0014503857172839907	2.8209589377914434E-4
60-61	0.01037562458094999	5.036443762105698E-4	0.0	0.0015136852836929694	2.97232746616074E-4
62-63	0.012091593261645566	5.050204537411998E-4	0.0	0.0015646001523262783	3.2888252982056336E-4
64-65	0.013763527461360982	5.105247638637197E-4	0.0	0.0016045064007145476	3.495236927800129E-4
66-67	0.015677651306467272	5.270376942312793E-4	0.0	0.001629275796265887	3.591562354944227E-4
68-69	0.01817936025715256	5.545592448438787E-4	0.0	0.001670558122184786	3.853017085763922E-4
70-71	0.02172138382099411	5.875851055789981E-4	0.0	0.0017145926031649453	4.018146389439519E-4
72-73	0.025846864257822767	5.972176482934079E-4	0.0	0.0017531227740225845	4.210797243727715E-4
74-75	0.03053516040467908	6.151066561915975E-4	0.0	0.0018233027280847131	4.279601120259213E-4
76-77	0.036299549180488035	6.247391989060074E-4	0.0	0.001878345829309912	4.375926547403311E-4
78-79	0.04334369005978286	6.384999742123071E-4	0.0	0.0019031152248612515	4.513534300466309E-4
80-81	0.051908396610423804	6.41252129273567E-4	0.0	0.002084757458904408	4.541055851078908E-4
82-83	0.06185330892428662	6.45380361865457E-4	0.0	0.0021824589635791357	4.582338176997807E-4
84-85	0.07382931167335927	6.605172147023866E-4	0.0	0.0022512628401106342	4.6649028288356056E-4
86-87	0.08775934451592647	6.701497574167965E-4	0.0	0.0022842887008457536	4.857553683123802E-4
88-89	0.10333241393006587	6.756540675393163E-4	0.0	0.0022870408559070134	4.898836009042701E-4
90-91	0.1219741362375101	6.839105327230961E-4	0.0	0.0023324514144178027	4.953879110267899E-4
92-93	0.14402577866585542	7.128081608663256E-4	0.0	0.002336579647009693	4.9676398855742E-4
94-95	0.16917497161564876	7.334493238257752E-4	0.0	0.002365477275152922	5.077726088024597E-4
96-97	0.19661946188653295	7.430818665401849E-4	0.0	0.002380614127989852	5.366702369456891E-4
98-99	0.22739543585907226	7.554665643158547E-4	0.0	0.0023943749032961517	5.44926702129469E-4
100-101	0.26203681161515113	7.678512620915244E-4	0.0	0.0024108878336637114	5.531831673132488E-4
102-103	0.3023751483480382	7.85740269989714E-4	0.0	0.0024274007640312707	5.655678650889186E-4
104-105	0.34651696337558646	8.008771228266438E-4	0.0	0.0024411615393375705	5.875851055789981E-4
106-107	0.394484273938286	8.091335880104236E-4	0.0	0.00246593093488891	6.164827337222275E-4
108-109	0.4470958461668617	8.490398363986928E-4	0.0	0.00247143524501143	6.302435090285272E-4
110-111	0.5055942780714724	8.765613870112922E-4	0.0	0.00247281132254206	6.329956640897872E-4
112-113	0.569716738843768	8.848178521950721E-4	0.0	0.00248657209784836	6.38499974212307E-4
114-115	0.6397934870910993	9.040829376238917E-4	0.0	0.0024948285630321393	6.563889821104967E-4
116-117	0.714331478692733	9.247241005833413E-4	0.0	0.0025003328731546593	6.605172147023866E-4
118-119	0.7945155164025415	9.343566432977511E-4	0.0	0.002525102268705999	6.825344551924662E-4
120-121	0.8836192886658933	9.467413410734209E-4	0.0	0.0025388630440122987	7.004234630906558E-4
122-123	0.9819414043069356	9.838954344004302E-4	0.0	0.0025484955867267085	7.017995406212858E-4
124-125	1.0870640951043509	0.0010059126748905097	0.0	0.002553999896849228	7.017995406212858E-4
126-127	1.1990561649346714	0.0010127930625436596	0.0	0.002559504206971748	7.073038507438058E-4
128-129	1.3198276094104107	0.0010251777603193291	0.0	0.002565008517094268	7.196885485194755E-4
130-131	1.4509622937693245	0.0010430667682175187	0.0	0.0025842736025230876	7.41705789009555E-4
132-133	1.5947114808515233	0.0010664600862382283	0.0	0.002603538687951907	7.554665643158547E-4
134-135	1.750327960557875	0.0010774687064832682	0.0	0.002621427695850097	7.719794946834144E-4
136-137	1.9168691197798982	0.001096733791912088	0.0	0.002666838254360886	7.898685025816039E-4
138	2.047903350479076	0.0011173749548715373	0.0	0.002675094719544666	8.008771228266438E-4
>>END_MODULE
>>Kmer Content	fail
#Sequence	Count	PValue	Obs/Exp Max	Max Obs/Exp Position
TCGACCG	4820	0.0	13.14575	7
CGCGAGT	5340	0.0	12.550688	1
GATCGTA	6470	0.0	11.240276	5
ATCGTAC	6835	0.0	9.902599	6
CGTACTA	6075	0.0	9.7189045	8
ATCGACC	9960	0.0	9.54277	6
CTCGGAT	18090	0.0	8.764153	1
TACATCG	9100	0.0	8.466561	3
GGGATCG	15100	0.0	8.44036	3
CGGGAAT	11380	0.0	8.359061	1
CGGGGAT	21400	0.0	8.317809	1
AAATCGA	11725	0.0	8.04458	4
GGATCGT	11050	0.0	7.884389	4
CTCGATT	9460	0.0	7.8464265	1
CGCGGTT	6820	0.0	7.7137275	1
CGATATA	2925	0.0	7.6309876	4
CTCGGTT	15305	0.0	7.627944	1
CGGAAAC	16180	0.0	7.616288	1
CCGGGAT	18210	0.0	7.5983114	1
CGATTGA	4175	0.0	7.5882416	4
>>END_MODULE
