##FastQC	0.11.5
>>Basic Statistics	pass
#Measure	Value
Filename	MTMUT3_1.fq
File type	Conventional base calls
Encoding	Sanger / Illumina 1.9
Total Sequences	36059408
Sequences flagged as poor quality	0
Sequence length	150
%GC	50
>>END_MODULE
>>Per base sequence quality	pass
#Base	Mean	Median	Lower Quartile	Upper Quartile	10th Percentile	90th Percentile
1	36.578613603418006	37.0	37.0	37.0	37.0	37.0
2	36.59198806036971	37.0	37.0	37.0	37.0	37.0
3	36.65604299438305	37.0	37.0	37.0	37.0	37.0
4	36.6527727243886	37.0	37.0	37.0	37.0	37.0
5	36.66482050953249	37.0	37.0	37.0	37.0	37.0
6	36.64031264739565	37.0	37.0	37.0	37.0	37.0
7	36.63587990684706	37.0	37.0	37.0	37.0	37.0
8	36.66811731906414	37.0	37.0	37.0	37.0	37.0
9	36.67784332454931	37.0	37.0	37.0	37.0	37.0
10-14	36.66837067874214	37.0	37.0	37.0	37.0	37.0
15-19	36.65455402928412	37.0	37.0	37.0	37.0	37.0
20-24	36.638685626785666	37.0	37.0	37.0	37.0	37.0
25-29	36.59990658748474	37.0	37.0	37.0	37.0	37.0
30-34	36.575581540329225	37.0	37.0	37.0	37.0	37.0
35-39	36.57154292716065	37.0	37.0	37.0	37.0	37.0
40-44	36.53190474452604	37.0	37.0	37.0	37.0	37.0
45-49	36.51026701824944	37.0	37.0	37.0	37.0	37.0
50-54	36.49771060024058	37.0	37.0	37.0	37.0	37.0
55-59	36.47149662024402	37.0	37.0	37.0	37.0	37.0
60-64	36.442301947941026	37.0	37.0	37.0	37.0	37.0
65-69	36.419092759370876	37.0	37.0	37.0	37.0	37.0
70-74	36.3949206043538	37.0	37.0	37.0	37.0	37.0
75-79	36.38260127842365	37.0	37.0	37.0	37.0	37.0
80-84	36.35564474047938	37.0	37.0	37.0	37.0	37.0
85-89	36.32493086963601	37.0	37.0	37.0	37.0	37.0
90-94	36.28152298007777	37.0	37.0	37.0	37.0	37.0
95-99	36.26352079878849	37.0	37.0	37.0	37.0	37.0
100-104	36.22607337314023	37.0	37.0	37.0	37.0	37.0
105-109	36.19461001689213	37.0	37.0	37.0	37.0	37.0
110-114	36.16550242865884	37.0	37.0	37.0	37.0	37.0
115-119	36.123458610302194	37.0	37.0	37.0	37.0	37.0
120-124	36.094597803713256	37.0	37.0	37.0	37.0	37.0
125-129	36.0668422620804	37.0	37.0	37.0	37.0	37.0
130-134	36.00459994240615	37.0	37.0	37.0	37.0	37.0
135-139	35.96527121022065	37.0	37.0	37.0	37.0	37.0
140-144	35.89086886839629	37.0	37.0	37.0	37.0	37.0
145-149	35.87711467697972	37.0	37.0	37.0	37.0	37.0
150	35.82078796190997	37.0	37.0	37.0	37.0	37.0
>>END_MODULE
>>Per sequence quality scores	pass
#Quality	Count
13	16.0
14	234.0
15	908.0
16	2030.0
17	3222.0
18	4658.0
19	6414.0
20	8376.0
21	11108.0
22	14548.0
23	19938.0
24	26432.0
25	37037.0
26	52328.0
27	73804.0
28	102923.0
29	141198.0
30	187169.0
31	247370.0
32	327931.0
33	459467.0
34	756360.0
35	2066585.0
36	2.6523505E7
37	4985847.0
>>END_MODULE
>>Per base sequence content	fail
#Base	G	A	T	C
1	31.444089696945344	12.671854888151868	17.69257689886925	38.19147851603354
2	25.6239581465936	21.595561401105307	32.976605260378996	19.8038751919221
3	27.704166129100074	24.663385319489834	21.704506917663952	25.927941633746144
4	29.190420985280735	31.015046059547068	17.913131019788235	21.881401935383966
5	28.52962810703936	30.703088636396913	20.28637574970726	20.480907506856465
6	22.71445011951123	33.282120638745496	21.004627058035226	22.99880218370804
7	20.18637637305048	16.181290209523457	38.73105039826093	24.901283019165128
8	22.50770222509341	20.015574308879643	27.067610831410466	30.40911263461648
9	23.786582034460306	19.560494085855726	28.09193364027317	28.5609902394108
10-14	25.29952385332238	25.672338810944655	24.203252631312893	24.824884704420068
15-19	25.365579490378764	24.242024161905267	25.121166160021264	25.271230187694705
20-24	25.319938725111733	24.9876137722606	24.777943090175462	24.9145044124522
25-29	25.28639571675719	24.940502073689064	24.74971524768238	25.023386961871363
30-34	25.196996578535064	25.00935511753271	24.76932178143357	25.02432652249865
35-39	25.26718686008378	24.928707648223178	24.69840325720267	25.105702234490373
40-44	25.284113568987053	24.893829211348567	24.73762916624854	25.08442805341584
45-49	25.30784936348396	24.86206830243518	24.652178540914043	25.177903793166816
50-54	25.225138471491267	24.896095909283925	24.72031376665973	25.15845185256508
55-59	25.315124559533114	24.836726242631194	24.634568180567847	25.213581017267845
60-64	25.200916221364476	24.84657374297437	24.68947521268236	25.263034822978792
65-69	25.285195475200258	24.87634128657908	24.66681926669456	25.1716439715261
70-74	25.29766545252213	24.870670089758544	24.623247281264295	25.208417176455033
75-79	25.25999262106577	24.82754237118923	24.67462693785766	25.237838069887335
80-84	25.2586831153745	24.858793022891557	24.65698050284131	25.225543358892637
85-89	25.321785094197885	24.88977966582258	24.58930163246163	25.199133607517904
90-94	25.275410511453767	24.868708881743153	24.617619346385275	25.23826126041781
95-99	25.313176522476468	24.9138909878942	24.62507371169266	25.147858777936676
100-104	25.369108666453982	24.882277046811197	24.55459390791995	25.19402037881487
105-109	25.31413438623285	24.90253861072816	24.611245420335244	25.172081582703743
110-114	25.31283597334709	24.941721173015374	24.558837460670457	25.18660539296707
115-119	25.34487587816195	24.958441358771058	24.532961827881365	25.163720935185623
120-124	25.371609539457772	24.94367572534746	24.47508012333425	25.209634611860515
125-129	25.344130996271485	25.02674919122355	24.491548502404697	25.137571310100267
130-134	25.419885983707776	25.020234941183727	24.384867327827457	25.17501174728104
135-139	25.362317096276232	25.024175660343616	24.42264997805843	25.190857265321714
140-144	25.43196411246645	25.081383755178493	24.33346187306749	25.153190259287566
145-149	25.403074282306576	25.102973404333206	24.359039948742364	25.134912364617858
150	25.30768669302613	25.106668417850898	24.399990149588703	25.185654739534268
>>END_MODULE
>>Per sequence GC content	pass
#GC Content	Count
0	1269.0
1	922.5
2	454.0
3	300.0
4	261.0
5	225.0
6	200.5
7	194.5
8	205.0
9	245.0
10	264.0
11	313.5
12	431.5
13	568.0
14	783.5
15	1139.0
16	1713.0
17	2724.0
18	4087.0
19	6128.5
20	9436.0
21	14209.5
22	20989.0
23	31180.0
24	45308.5
25	60913.5
26	79488.0
27	102191.5
28	127536.5
29	156298.5
30	186167.5
31	220926.5
32	262838.0
33	309492.0
34	364644.5
35	422322.0
36	489035.0
37	553839.0
38	619509.0
39	699532.0
40	779272.0
41	847426.0
42	914562.5
43	988429.5
44	1062144.0
45	1131141.0
46	1189108.5
47	1250613.5
48	1307338.5
49	1348436.5
50	1393559.5
51	1437783.5
52	1458202.5
53	1463266.0
54	1451200.5
55	1417328.5
56	1368158.0
57	1300372.5
58	1217375.0
59	1117475.5
60	998899.5
61	877209.0
62	757187.0
63	638388.0
64	530267.0
65	431769.5
66	351900.0
67	295852.5
68	253469.0
69	215669.0
70	183868.0
71	159807.0
72	142467.5
73	130294.0
74	117343.0
75	104548.5
76	93719.5
77	84753.0
78	77000.5
79	68228.0
80	58252.5
81	50446.5
82	43478.0
83	36833.0
84	31707.0
85	25626.0
86	18425.0
87	12782.5
88	9231.5
89	6584.5
90	4220.0
91	2673.0
92	1763.0
93	1178.0
94	782.0
95	611.5
96	470.0
97	318.0
98	266.5
99	189.0
100	80.5
>>END_MODULE
>>Per base N content	pass
#Base	N-Count
1	0.06068319258042173
2	0.021273227780112196
3	0.005158154565377224
4	0.0
5	0.0
6	0.003580202980592471
7	2.49588124131156E-5
8	6.378363172240655E-5
9	1.9412409654645468E-5
10-14	0.0010909774225910751
15-19	0.0
20-24	8.874244413552213E-6
25-29	0.0
30-34	0.0
35-39	0.0
40-44	2.0521690206339492E-5
45-49	7.210323586011173E-6
50-54	0.0
55-59	5.546402758470133E-7
60-64	0.0
65-69	0.0
70-74	0.0
75-79	0.0
80-84	0.0
85-89	0.0
90-94	0.0
95-99	0.0
100-104	0.0
105-109	0.0
110-114	0.0
115-119	0.0
120-124	0.0
125-129	0.0
130-134	0.0
135-139	0.0
140-144	1.1092805516940266E-6
145-149	0.0
150	0.0
>>END_MODULE
>>Sequence Length Distribution	pass
#Length	Count
150	3.6059408E7
>>END_MODULE
>>Sequence Duplication Levels	fail
#Total Deduplicated Percentage	47.51076151057319
#Duplication Level	Percentage of deduplicated	Percentage of total
1	63.75977016036853	30.2927523405823
2	18.881897764302867	17.94186683093637
3	7.3845127570773395	10.525314734198602
4	3.5355707292936223	6.719106308929304
5	1.870269028409078	4.442895288467756
6	1.1203709080000241	3.1937805008024096
7	0.7419485312038193	2.467537780340131
8	0.5409296619720957	2.0559984131160967
9	0.37365827486081904	1.597751026502812
>10	1.6650083732628909	13.413398876431604
>50	0.08089554616837664	2.6326638326203
>100	0.04258188299570526	3.6597176407236707
>500	0.0020189201795331045	0.6373208991703082
>1k	5.67461905224905E-4	0.41989552717839684
>5k	0.0	0.0
>10k+	0.0	0.0
>>END_MODULE
>>Overrepresented sequences	pass
>>END_MODULE
>>Adapter Content	pass
#Position	Illumina Universal Adapter	Illumina Small RNA 3' Adapter	Illumina Small RNA 5' Adapter	Nextera Transposase Sequence	SOLID Small RNA Adapter
1	4.1598020688526003E-5	2.4958812413115602E-5	0.0	1.3866006896175334E-5	0.0
2	5.8237228963936405E-5	4.9917624826231204E-5	0.0	5.546402758470134E-5	2.773201379235067E-6
3	8.874244413552214E-5	4.9917624826231204E-5	0.0	5.546402758470134E-5	1.66392082754104E-5
4	1.6916528413333907E-4	4.9917624826231204E-5	0.0	6.65568331016416E-5	1.9412409654645468E-5
5	1.830312910295144E-4	4.9917624826231204E-5	0.0	7.764963861858187E-5	2.2185611033880535E-5
6	2.0521690206339494E-4	5.269082620546627E-5	0.0	9.428884689399227E-5	2.773201379235067E-5
7	2.2185611033880535E-4	5.269082620546627E-5	0.0	1.081548537901676E-4	2.773201379235067E-5
8	2.6900053378580145E-4	7.764963861858187E-5	0.0	1.830312910295144E-4	3.8824819309290937E-5
9	3.105985544743275E-4	8.042283999781693E-5	0.0	1.9412409654645467E-4	6.101043034317147E-5
10-11	3.95181196540997E-4	8.73558434459046E-5	0.0	2.3017571447651056E-4	6.2397031032789E-5
12-13	5.061092517103997E-4	1.206342599967254E-4	0.0	2.8009333930274175E-4	7.764963861858187E-5
14-15	6.336765151552128E-4	1.372734682721358E-4	0.0	3.3001096412897294E-4	8.458264206666954E-5
16-17	7.45991171014233E-4	1.4697967309945854E-4	0.0	3.5080997447323593E-4	9.15156455147572E-5
18-19	8.94357444803309E-4	1.497528744786936E-4	0.0	3.729955855071165E-4	9.706204827322733E-5
20-21	0.0011273063606590545	1.6084567999563387E-4	0.0	4.326194151606704E-4	1.2202086068634294E-4
22-23	0.0013602552765148003	1.66392082754104E-4	0.0	5.005628489519296E-4	1.2756726344481306E-4
24-25	0.0015280339599585218	1.7609828758142674E-4	0.0	7.626303792896433E-4	1.331136662032832E-4
26-27	0.0017332508620219167	1.8857769378798452E-4	0.0	8.153212054951096E-4	1.4420647172022345E-4
28-29	0.0019717461806361323	2.0799010344263002E-4	0.0	8.388934172186077E-4	1.7193848551257413E-4
30-31	0.002228267308215376	2.204695096491878E-4	0.0	8.749450351486635E-4	1.7609828758142674E-4
32-33	0.0025416390640689386	2.2878911378689302E-4	0.0	9.387286668710701E-4	1.8164469033989686E-4
34-35	0.002874423229577147	2.440417213726859E-4	0.0	9.789400868699786E-4	1.8996429447760207E-4
36-37	0.0032404858116361753	2.620675303377138E-4	0.0	0.001010831902731182	2.0105709999454236E-4
38-39	0.0036398268102460253	2.7177373516503654E-4	0.0	0.001063522728936648	2.0660350275301248E-4
40-41	0.003990636784719261	2.7732013792350666E-4	0.0	0.001117600155831732	2.121499055114826E-4
42-43	0.004387204581949876	2.8979954413006445E-4	0.0	0.0011300795620382896	2.1353650620110014E-4
44-45	0.004830916802627486	3.036655510262398E-4	0.0	0.0011550383744514054	2.1353650620110014E-4
46-47	0.005323160047441711	3.133717558535625E-4	0.0	0.0012313014123803696	2.1769630826995272E-4
48-49	0.005881960125357577	3.161449572327976E-4	0.0	0.0012354612144492222	2.232427110284229E-4
50-51	0.0064684922170657935	3.2585116206012036E-4	0.0	0.0012562602247934852	2.3017571447651056E-4
52-53	0.007088302725324831	3.313975648185905E-4	0.0	0.0012701262316896606	2.454283220623034E-4
54-55	0.007737231848065837	3.424903703355308E-4	0.0	0.0012839922385858358	2.579077282688612E-4
56-57	0.008524821039768595	3.521965751628535E-4	0.0	0.0013117242523781867	2.6900053378580145E-4
58-59	0.009743643045942406	3.5912957861094114E-4	0.0	0.0013325232627224497	2.981191482677697E-4
60-61	0.011119150930043	3.6328938067979377E-4	0.0	0.0013741212834109755	3.1891815861203265E-4
62-63	0.012916185423787325	3.7022238412788143E-4	0.0	0.001408786300651414	3.2585116206012036E-4
64-65	0.014757591139599409	3.9934099860984963E-4	0.0	0.0014420647172022345	3.3833056826667815E-4
66-67	0.016863837587128443	4.104338041267899E-4	0.0	0.0014656369289257328	3.494233737836184E-4
68-69	0.019682796789120886	4.450988213672282E-4	0.0	0.001489209140649231	3.521965751628535E-4
70-71	0.023433551654536314	4.6035142895302106E-4	0.0	0.0015252607585792867	3.660625820590288E-4
72-73	0.02799408132268838	4.8115043929728406E-4	0.0	0.001554379373061255	3.785419882655866E-4
74-75	0.033289509356337746	5.116556544688699E-4	0.0	0.0016029103971978685	3.7992858895520413E-4
76-77	0.03889969574653028	5.269082620546627E-4	0.0	0.001643121817196777	3.827017903344392E-4
78-79	0.04560668328221029	5.338412655027504E-4	0.0	0.0016722404316787452	3.9379459585137946E-4
80-81	0.054225793168872875	5.435474703300731E-4	0.0	0.0018109005006404985	4.035008006787022E-4
82-83	0.06470433458031258	5.477072723989257E-4	0.0	0.0018982563440864031	4.0488740136831975E-4
84-85	0.07696049807584196	5.518670744677782E-4	0.0	0.001955106972360722	4.187534082644951E-4
86-87	0.0914116504630359	5.629598799847186E-4	0.0	0.0019953183923596303	4.201400089541126E-4
88-89	0.10845713274050423	5.82372289639364E-4	0.0	0.0020105709999454235	4.2152660964373017E-4
90-91	0.12846023428892675	5.948516958459219E-4	0.0	0.002035529812358539	4.326194151606704E-4
92-93	0.15213921426552537	6.017846992940095E-4	0.0	0.002046622617875479	4.3400601585028795E-4
94-95	0.17942751583719843	6.101043034317146E-4	0.0	0.0020549422220131845	4.409390192983756E-4
96-97	0.20968730268672187	6.239703103278901E-4	0.0	0.002092380440632858	4.464854220568458E-4
98-99	0.24332623541684323	6.350631158448303E-4	0.0	0.0021090196489082684	4.603514289530211E-4
100-101	0.2820747916882052	6.489291227410056E-4	0.0	0.0021436846661487064	4.6589783171149124E-4
102-103	0.3258733476711542	6.586353275683283E-4	0.0	0.0021547774716656467	4.6728443240110873E-4
104-105	0.3747926200008608	6.752745358437388E-4	0.0	0.00219221569028532	4.700576337803438E-4
106-107	0.4266972436153139	6.933003448087666E-4	0.0	0.0022171745026984355	4.908566441246068E-4
108-109	0.48368098555583605	7.113261537737947E-4	0.0	0.002228267308215376	4.977896475726945E-4
110-111	0.547687859989271	7.196457579114998E-4	0.0	0.002247679717870022	5.047226510207822E-4
112-113	0.6189133776128548	7.45991171014233E-4	0.0	0.0022601591240765796	5.047226510207822E-4
114-115	0.6963536395273044	7.66790181358496E-4	0.0	0.0022767983323519897	5.047226510207822E-4
116-117	0.7786816688726559	7.889757923923765E-4	0.0	0.002289277738558548	5.102690537792523E-4
118-119	0.867264653928872	7.945221951508466E-4	0.0	0.0023197829537301333	5.282948627442802E-4
120-121	0.964168629723483	8.08388202047022E-4	0.0	0.0023530613702809544	5.393876682612206E-4
122-123	1.0707926763523128	8.361202158393727E-4	0.0	0.0023738603806252173	5.435474703300731E-4
124-125	1.1861245753119407	8.680120317005759E-4	0.0	0.0023904995889006274	5.532536751573958E-4
126-127	1.3080885853700095	8.73558434459046E-4	0.0	0.0023988191930383327	5.601866786054835E-4
128-129	1.439087685521626	8.818780385967512E-4	0.0	0.0024182316026929783	5.712794841224237E-4
130-131	1.5800481250274547	8.985172468721616E-4	0.0	0.0024556698213126517	5.809856889497464E-4
132-133	1.7329083716515812	9.082234516994843E-4	0.0	0.0024944946406219425	5.865320917082166E-4
134-135	1.8986806438974262	9.179296565268071E-4	0.0	0.0025180668523454405	5.934650951563043E-4
136-137	2.075086756831948	9.262492606645123E-4	0.0	0.002566597876482054	6.03171299983627E-4
138	2.21328092796199	9.345688648022175E-4	0.0	0.002581850484067847	6.045579006732446E-4
>>END_MODULE
>>Kmer Content	fail
#Sequence	Count	PValue	Obs/Exp Max	Max Obs/Exp Position
CGCGAGT	5165	0.0	13.952769	1
GATCGTA	6505	0.0	11.954794	5
CGCGGTT	7740	0.0	11.452357	1
ATCGTAC	6940	0.0	11.101711	6
CGTACTA	6220	0.0	10.418512	8
TCGACCG	4575	0.0	10.230004	7
CCGGGAT	17970	0.0	10.226401	1
CGCAAAT	7815	0.0	9.405934	1
CGGGATT	11045	0.0	9.129327	2
GGGATCG	14490	0.0	8.696316	3
CGGGAAT	10915	0.0	8.451172	1
GGATCGT	11005	0.0	8.309262	4
GGAAAAT	48265	0.0	8.21223	1
CTCGATT	9245	0.0	8.1848955	1
CCGGTAT	6530	0.0	8.056389	1
ATCGACC	9595	0.0	8.029794	6
CGGAAAT	10060	0.0	7.9516225	1
GTCGGTT	11120	0.0	7.9065275	1
GGCGAAT	9760	0.0	7.9006844	1
CTCGGAT	18630	0.0	7.7752423	1
>>END_MODULE
