##FastQC	0.11.5
>>Basic Statistics	pass
#Measure	Value
Filename	MTMUT2_2.fq
File type	Conventional base calls
Encoding	Sanger / Illumina 1.9
Total Sequences	37893939
Sequences flagged as poor quality	0
Sequence length	150
%GC	50
>>END_MODULE
>>Per base sequence quality	pass
#Base	Mean	Median	Lower Quartile	Upper Quartile	10th Percentile	90th Percentile
1	36.59238106653415	37.0	37.0	37.0	37.0	37.0
2	36.60233537611384	37.0	37.0	37.0	37.0	37.0
3	36.620062353507244	37.0	37.0	37.0	37.0	37.0
4	36.60597941533605	37.0	37.0	37.0	37.0	37.0
5	36.60502105626971	37.0	37.0	37.0	37.0	37.0
6	36.57367662411659	37.0	37.0	37.0	37.0	37.0
7	36.55278605372748	37.0	37.0	37.0	37.0	37.0
8	36.609101128283335	37.0	37.0	37.0	37.0	37.0
9	36.604849524880485	37.0	37.0	37.0	37.0	37.0
10-14	36.597193134237116	37.0	37.0	37.0	37.0	37.0
15-19	36.58869616589608	37.0	37.0	37.0	37.0	37.0
20-24	36.56077620750907	37.0	37.0	37.0	37.0	37.0
25-29	36.52064889321746	37.0	37.0	37.0	37.0	37.0
30-34	36.494896152126074	37.0	37.0	37.0	37.0	37.0
35-39	36.469429831509466	37.0	37.0	37.0	37.0	37.0
40-44	36.42616592590176	37.0	37.0	37.0	37.0	37.0
45-49	36.39937266484753	37.0	37.0	37.0	37.0	37.0
50-54	36.35642626120235	37.0	37.0	37.0	37.0	37.0
55-59	36.33785652106528	37.0	37.0	37.0	37.0	37.0
60-64	36.30457317197877	37.0	37.0	37.0	37.0	37.0
65-69	36.252431720017285	37.0	37.0	37.0	37.0	37.0
70-74	36.22220143965504	37.0	37.0	37.0	37.0	37.0
75-79	36.17505141917287	37.0	37.0	37.0	37.0	37.0
80-84	36.141382810586144	37.0	37.0	37.0	37.0	37.0
85-89	36.09941817872246	37.0	37.0	37.0	37.0	37.0
90-94	36.061810021914056	37.0	37.0	37.0	37.0	37.0
95-99	36.00376213726422	37.0	37.0	37.0	37.0	37.0
100-104	35.9457587927188	37.0	37.0	37.0	37.0	37.0
105-109	35.924741257434334	37.0	37.0	37.0	37.0	37.0
110-114	35.862525492533244	37.0	37.0	37.0	37.0	37.0
115-119	35.79128418927364	37.0	37.0	37.0	37.0	37.0
120-124	35.762142959062665	37.0	37.0	37.0	37.0	37.0
125-129	35.70967828390709	37.0	37.0	37.0	37.0	37.0
130-134	35.590572534568125	37.0	37.0	37.0	37.0	37.0
135-139	35.57484380285723	37.0	37.0	37.0	37.0	37.0
140-144	35.52413728749603	37.0	37.0	37.0	37.0	37.0
145-149	35.34231490159944	37.0	37.0	37.0	37.0	37.0
150	35.229839790474145	37.0	37.0	37.0	25.0	37.0
>>END_MODULE
>>Per sequence quality scores	pass
#Quality	Count
11	5.0
12	147.0
13	752.0
14	1464.0
15	2060.0
16	3076.0
17	4152.0
18	5934.0
19	8422.0
20	12273.0
21	17701.0
22	24343.0
23	32777.0
24	41999.0
25	53039.0
26	66627.0
27	83695.0
28	106469.0
29	137677.0
30	179952.0
31	242361.0
32	344577.0
33	551088.0
34	1153931.0
35	4418247.0
36	2.8199079E7
37	2202092.0
>>END_MODULE
>>Per base sequence content	fail
#Base	G	A	T	C
1	30.5495396413822	12.722061915130695	18.89915051315862	37.829247930328485
2	25.72357967908297	22.137702684329685	31.97777829853678	20.160939338050564
3	27.934493693041517	25.035056397805466	21.504457480654096	25.525992428498924
4	29.69027579845949	30.553843980167912	17.556596583955024	22.199283637417583
5	28.576179425422097	30.6642732496086	20.141046830734595	20.618500494234713
6	22.873721309362956	32.7921544392627	21.007407015670765	23.32671723570358
7	20.240938794987766	16.260378737612893	38.6439345880617	24.854747879337644
8	22.318025581874718	19.881493449387776	27.377240988327976	30.423239980409534
9	23.713839830691658	19.80132231700695	28.10833679760766	28.37650105469373
10-14	25.24013140993339	25.638831054222155	24.3498074982387	24.771230037605747
15-19	25.330439255734277	24.186109551714853	25.209937663118104	25.27351352943277
20-24	25.285470058945307	24.947431302932113	24.869151765932806	24.89794687218977
25-29	25.2574164960787	24.87653289355852	24.821009502337564	25.045041108025217
30-34	25.171104812888668	24.970389326398045	24.851641042206833	25.006864818506454
35-39	25.25488310940702	24.86154580023998	24.75367102902657	25.12990006132643
40-44	25.260511061162344	24.849026775733893	24.7921221594863	25.098340003617466
45-49	25.309478660826628	24.802311516986883	24.685984729578404	25.20222509260809
50-54	25.205450550818398	24.855593449339285	24.77130475823149	25.167651241610827
55-59	25.330120435126176	24.769246935815154	24.661142545053654	25.239490084005016
60-64	25.175301402848234	24.813629279653174	24.73594771967626	25.275121597822338
65-69	25.317630255244072	24.804331632698435	24.67695541499873	25.201082697058762
70-74	25.28265852752864	24.819099962133787	24.660203311141657	25.238038199195916
75-79	25.2995602540977	24.764942690424103	24.66768700601091	25.267810049467293
80-84	25.270030960644497	24.796854186136592	24.669776787903196	25.26333806531571
85-89	25.370766950948546	24.81810336188228	24.588334159534075	25.2227955276351
90-94	25.305379757257608	24.794095270048086	24.634845502233013	25.2656794704613
95-99	25.391941967289284	24.839481057907438	24.61683912036698	25.151737854436302
100-104	25.43626145595474	24.790992037011513	24.557451786682826	25.215294720350922
105-109	25.420668988779443	24.826034052569725	24.604193298564184	25.14910366008664
110-114	25.456935474562304	24.827778394850956	24.541354753328758	25.173931377257986
115-119	25.515922216478998	24.866457403649697	24.54299142667644	25.07462895319486
120-124	25.60671826700307	24.81763693133089	24.468619110829305	25.107025690836732
125-129	25.629025264436088	24.922824729305653	24.5016491951391	24.94650081111916
130-134	25.786795086148214	24.872009214982903	24.351620453075622	24.989575245793265
135-139	25.78155044794895	24.918883729664525	24.4268293143133	24.87273650807323
140-144	25.967238190782965	24.922646864449746	24.302157661677768	24.80795728308952
145-149	26.02667745437259	24.972232022874493	24.353950823536056	24.64713969921686
150	26.045680998201348	24.973788669727952	24.3381510457694	24.6423792863013
>>END_MODULE
>>Per sequence GC content	pass
#GC Content	Count
0	5685.0
1	4414.5
2	2594.0
3	1776.0
4	1368.0
5	1136.0
6	1020.0
7	987.5
8	959.0
9	957.5
10	996.0
11	1049.0
12	1155.0
13	1307.0
14	1586.0
15	2029.5
16	2692.0
17	3778.5
18	5310.0
19	7498.0
20	10958.5
21	15944.0
22	22731.5
23	33416.5
24	48083.0
25	64554.0
26	84259.5
27	108500.0
28	134989.0
29	164568.5
30	196383.5
31	231746.5
32	274340.0
33	323302.5
34	381123.0
35	440405.0
36	508903.0
37	577039.5
38	645121.0
39	726067.5
40	806016.0
41	875435.5
42	947469.0
43	1027139.0
44	1103008.5
45	1177944.0
46	1245240.0
47	1309878.0
48	1367713.5
49	1410934.5
50	1463796.0
51	1516351.0
52	1540341.5
53	1550063.0
54	1541160.5
55	1507565.0
56	1454100.5
57	1378408.0
58	1287311.0
59	1181131.0
60	1056086.0
61	925210.0
62	796350.0
63	669808.0
64	554325.0
65	452780.5
66	368938.5
67	308462.0
68	265573.5
69	225152.5
70	190120.5
71	165839.5
72	149199.0
73	136468.5
74	123565.0
75	109734.0
76	97206.0
77	88559.0
78	81497.5
79	72587.0
80	62261.5
81	53905.0
82	46239.5
83	39170.0
84	33552.5
85	27192.5
86	19620.0
87	13483.5
88	9833.5
89	7021.0
90	4510.0
91	2936.0
92	1966.5
93	1354.0
94	983.5
95	754.5
96	562.0
97	401.0
98	310.0
99	256.0
100	698.5
>>END_MODULE
>>Per base N content	pass
#Base	N-Count
1	7.916833348995467E-6
2	0.0014012795027721979
3	0.0
4	0.0
5	0.0
6	0.0
7	0.0
8	0.0
9	0.0
10-14	0.0
15-19	0.0
20-24	0.0
25-29	0.0
30-34	5.277888899330313E-6
35-39	0.0
40-44	2.6389444496651564E-6
45-49	4.22231111946425E-6
50-54	3.293402673182115E-4
55-59	2.902838894631672E-5
60-64	1.0027988908727593E-5
65-69	1.3722511138258812E-4
70-74	0.0
75-79	2.638944449665156E-5
80-84	6.597361124162891E-5
85-89	1.5833666697990937E-6
90-94	1.636145558792397E-5
95-99	0.0
100-104	0.0
105-109	0.0
110-114	0.0
115-119	0.0
120-124	0.0
125-129	0.0
130-134	0.0
135-139	0.0
140-144	0.0
145-149	0.015493770652874066
150	5.5417833442968274E-5
>>END_MODULE
>>Sequence Length Distribution	pass
#Length	Count
150	3.7893939E7
>>END_MODULE
>>Sequence Duplication Levels	fail
#Total Deduplicated Percentage	47.203252557785056
#Duplication Level	Percentage of deduplicated	Percentage of total
1	63.65911867379277	30.04917456365051
2	18.6899468475829	17.64452562676069
3	7.517967903557684	10.646176130188657
4	3.5293137181412284	6.663803471723033
5	1.8901707920354474	4.461110463689892
6	1.1645982220303979	3.2983694401708994
7	0.7873503123278275	2.6015846950982975
8	0.5458785719453673	2.0613795277936173
9	0.3923057861344227	1.666629819250521
>10	1.6946004620031219	13.652112613389358
>50	0.08417844260794871	2.7088462832678477
>100	0.04216464710794584	3.5712841119581262
>500	0.0018955934393240232	0.5865646969983376
>1k	5.037027916738913E-4	0.3508736377050991
>5k	0.0	0.0
>10k+	6.324501905712734E-6	0.03756491835512265
>>END_MODULE
>>Overrepresented sequences	pass
>>END_MODULE
>>Adapter Content	pass
#Position	Illumina Universal Adapter	Illumina Small RNA 3' Adapter	Illumina Small RNA 5' Adapter	Nextera Transposase Sequence	SOLID Small RNA Adapter
1	1.3194722248325782E-5	1.0555777798660626E-5	0.0	7.916833348995469E-6	2.6389444496651564E-6
2	1.3194722248325782E-5	3.958416674497734E-5	0.0	5.8056777892633433E-5	2.6389444496651564E-6
3	7.652938904028952E-5	4.4862055644307655E-5	0.0	7.652938904028952E-5	2.3750500046986407E-5
4	1.266693335839275E-4	4.7501000093972815E-5	0.0	9.764094463761078E-5	3.430627784564703E-5
5	1.3986405583225328E-4	4.7501000093972815E-5	0.0	1.1875250023493203E-4	3.694522229531219E-5
6	1.7153138922823514E-4	5.277888899330313E-5	0.0	1.6625350032890485E-4	3.694522229531219E-5
7	1.8472611147656094E-4	7.389044459062438E-5	0.0	1.741703336779003E-4	3.958416674497734E-5
8	2.3750500046986405E-4	8.180727793961984E-5	0.0	2.5861655606718533E-4	4.22231111946425E-5
9	2.955617783624975E-4	8.4446222389285E-5	0.0	2.638944449665156E-4	5.013994454363797E-5
10-11	3.786885285269499E-4	9.236305573828047E-5	0.0	2.8236705611417174E-4	6.333466679196375E-5
12-13	4.6973211204039784E-4	1.1875250023493203E-4	0.0	3.2327069508398165E-4	7.389044459062438E-5
14-15	6.043182789733207E-4	1.3062775025842523E-4	0.0	3.747301118524522E-4	8.048780571478726E-5
16-17	7.613354737283976E-4	1.4250300028191844E-4	0.0	3.9452219522494083E-4	9.236305573828047E-5
18-19	9.275889740573024E-4	1.5305877808057905E-4	0.0	4.156337508222621E-4	9.764094463761078E-5
20-21	0.0012125949746211392	1.622950836544071E-4	2.6389444496651564E-6	4.7764894538939324E-4	1.0159936131210852E-4
22-23	0.0015371851419299534	1.6757297255373741E-4	2.6389444496651564E-6	6.056377511981534E-4	1.0555777798660626E-4
24-25	0.0018235106147186228	1.7944822257723062E-4	2.6389444496651564E-6	8.405038072183523E-4	1.147940835604343E-4
26-27	0.0021546981431516	2.0187925039938446E-4	2.6389444496651564E-6	9.025190017854835E-4	1.3986405583225328E-4
28-29	0.0025043582827322334	2.2431027822153828E-4	2.6389444496651564E-6	9.183526684834744E-4	1.5041983363091392E-4
30-31	0.0029133946724303325	2.3486605602019892E-4	2.6389444496651564E-6	9.539784185539539E-4	1.5701719475507678E-4
32-33	0.0033725710066720696	2.401439449195292E-4	2.6389444496651564E-6	0.0010608556687653928	1.5965613920474196E-4
34-35	0.003852858896511128	2.467413060436921E-4	2.6389444496651564E-6	0.0011360655855808498	1.6889244477857E-4
36-37	0.004410995647615308	2.586165560671853E-4	2.6389444496651564E-6	0.0011809276412251574	1.8208716702689578E-4
38-39	0.005024550232162457	2.638944449665156E-4	2.6389444496651564E-6	0.0012178728635204696	1.8208716702689578E-4
40-41	0.005587964872165969	2.678528616410134E-4	2.6389444496651564E-6	0.0012534986135909493	1.9528188927522155E-4
42-43	0.0061685326510923025	2.836865283390043E-4	2.6389444496651564E-6	0.0012732906969634378	2.0979608374837992E-4
44-45	0.006778128818964954	2.955617783624975E-4	2.6389444496651564E-6	0.0013234306415070758	2.2431027822153828E-4
46-47	0.0073573771256664556	3.0347861171149297E-4	2.6389444496651564E-6	0.0014237105305943518	2.4146341714436178E-4
48-49	0.008077808960425044	3.1139544506048847E-4	2.6389444496651564E-6	0.0014342663083930125	2.53338667167855E-4
50-51	0.008901159628720573	3.193122784094839E-4	2.6389444496651564E-6	0.0014553778639903336	2.53338667167855E-4
52-53	0.009915833769616824	3.285485839833119E-4	2.6389444496651564E-6	0.0014646141695641617	2.5465813939268755E-4
54-55	0.010885645854868769	3.536185562551309E-4	2.6389444496651564E-6	0.0014764894195876549	2.599360282920179E-4
56-57	0.012094282412815412	3.9452219522494083E-4	5.277888899330313E-6	0.0014989204474098088	2.704918060906785E-4
58-59	0.013668412777040676	4.090363896980992E-4	5.277888899330313E-6	0.0015068372807588042	2.770891672148414E-4
60-61	0.015736025753353325	4.129948063725969E-4	5.277888899330313E-6	0.0015516993364031119	2.8236705611417174E-4
62-63	0.01809128367467948	4.2882847307058793E-4	5.277888899330313E-6	0.001604478225396415	3.0083966726182783E-4
64-65	0.02066029609642851	4.459816119934114E-4	5.277888899330313E-6	0.001629548197668234	3.272291117584794E-4
66-67	0.023604038630029987	4.6049580646656974E-4	5.277888899330313E-6	0.0016559376421648856	3.3514594510747483E-4
68-69	0.02747405066546394	4.7369052871489557E-4	5.277888899330313E-6	0.0016730907810877092	3.430627784564703E-4
70-71	0.0323851262862908	4.81607362063891E-4	5.277888899330313E-6	0.0017113554756078538	3.6153538960412637E-4
72-73	0.03873442663218517	4.882047231880539E-4	7.916833348995469E-6	0.001750939642352831	3.786885285269499E-4
74-75	0.04603638592440865	5.132746954598728E-4	7.916833348995469E-6	0.0018089964202454645	3.866053618759454E-4
76-77	0.05433190780193107	5.25149945483366E-4	7.916833348995469E-6	0.001826149559168288	3.998000841242712E-4
78-79	0.06392447087646391	5.304278343826964E-4	1.0555777798660626E-5	0.0018538584758897721	4.1431427859742957E-4
80-81	0.07634070451213848	5.357057232820268E-4	1.0555777798660626E-5	0.0019937225317220256	4.275090008457553E-4
82-83	0.09170727804253867	5.370251955068593E-4	1.0555777798660626E-5	0.002076849281886478	4.31467417520253E-4
84-85	0.10925230021613747	5.541783344296827E-4	1.0555777798660626E-5	0.0021309476431046136	4.354258341947508E-4
86-87	0.1290747314497973	5.713314733525063E-4	1.0555777798660626E-5	0.0021758096987489215	4.380647786444159E-4
88-89	0.1518131963003371	5.977209178491579E-4	1.0555777798660626E-5	0.0021903238932220797	4.499400286679091E-4
90-91	0.1790378667153077	6.148740567719814E-4	1.0555777798660626E-5	0.0022259496432925595	4.538984453424069E-4
92-93	0.21039248519400425	6.25429834570642E-4	1.0555777798660626E-5	0.002235185948866387	4.6313475091623493E-4
94-95	0.24541787540218502	6.320271956948049E-4	1.0555777798660626E-5	0.0022681727544872016	4.710515842652304E-4
96-97	0.28354270586649755	6.386245568189678E-4	1.0555777798660626E-5	0.0022879648378596905	4.974410287618819E-4
98-99	0.32625402178432805	6.439024457182981E-4	1.0555777798660626E-5	0.0022985206156583508	5.053578621108774E-4
100-101	0.37545977999278457	6.663334735404519E-4	1.0555777798660626E-5	0.0023196321712556723	5.0667733433571E-4
102-103	0.4302904482957024	6.729308346646147E-4	1.0555777798660626E-5	0.002339424254628161	5.119552232350403E-4
104-105	0.4907051230541116	6.821671402384428E-4	1.0555777798660626E-5	0.0023631747546751475	5.264694177081987E-4
106-107	0.5555664192102067	6.834866124632755E-4	1.0555777798660626E-5	0.002385605782497301	5.40983612181357E-4
108-109	0.6252464279313903	7.111955291847596E-4	1.0555777798660626E-5	0.0023935226158462966	5.528588622048503E-4
110-111	0.7035834939197005	7.323070847820808E-4	1.0555777798660626E-5	0.002409356282544288	5.541783344296828E-4
112-113	0.7889850141997643	7.375849736814112E-4	1.0555777798660626E-5	0.002429148365916776	5.634146400035108E-4
114-115	0.8821912126897127	7.415433903559089E-4	1.0555777798660626E-5	0.0024436625603899346	5.686925289028412E-4
116-117	0.9812255199967468	7.639744181780627E-4	1.0555777798660626E-5	0.002458176754863093	5.700120011276737E-4
118-119	1.0889142456264576	7.69252307077393E-4	1.0555777798660626E-5	0.0024951219771584053	5.964014456243253E-4
120-121	1.206467345609017	7.784886126512211E-4	1.0555777798660626E-5	0.0025399840328027127	6.043182789733207E-4
122-123	1.3360065312819551	8.088364738223704E-4	1.0555777798660626E-5	0.0025663734772993644	6.043182789733207E-4
124-125	1.4756884999471815	8.273090849700265E-4	1.0555777798660626E-5	0.0025822071439973553	6.069572234229859E-4
126-127	1.6234825838506786	8.405038072183523E-4	1.0555777798660626E-5	0.002588804505121518	6.109156400974837E-4
128-129	1.7809180513010272	8.497401127921803E-4	1.0555777798660626E-5	0.002595401866245681	6.241103623458095E-4
130-131	1.9529191726413029	8.761295572888318E-4	1.0555777798660626E-5	0.002621791310742333	6.412635012686329E-4
132-133	2.1425273313497444	9.064774184599811E-4	1.0555777798660626E-5	0.002642902866339654	6.597361124162891E-4
134-135	2.346773714920478	9.170331962586418E-4	1.0555777798660626E-5	0.002648180755238984	6.716113624397823E-4
136-137	2.562894029042481	9.275889740573024E-4	1.0555777798660626E-5	0.0026785286164101333	6.927229180371036E-4
138	2.7326639228505645	9.368252796311305E-4	1.0555777798660626E-5	0.0026864454497591292	7.045981680605968E-4
>>END_MODULE
>>Kmer Content	fail
#Sequence	Count	PValue	Obs/Exp Max	Max Obs/Exp Position
CGCGAGT	5135	0.0	13.460552	1
ATCGTAC	7365	0.0	10.166835	6
GATCGTA	7050	0.0	10.008343	5
CGTACTA	6530	0.0	9.813005	8
CGCGGTT	7545	0.0	9.161025	1
CGGGAAT	11835	0.0	9.125466	1
CTCGGAT	19220	0.0	8.953165	1
CCGGGAT	19310	0.0	8.538572	1
CGCGAAT	1750	3.9890438E-9	8.228563	1
GGGATCG	15500	0.0	8.221798	3
GTCGGTT	11080	0.0	8.057754	1
CGGAAAT	10340	0.0	8.00773	1
CGGGGAT	23005	0.0	7.9495683	1
GGATCGT	11205	0.0	7.7107134	4
CGCAAAT	8530	0.0	7.6811185	1
CTCGGGT	20225	0.0	7.653887	1
TCGACCG	4750	0.0	7.57882	7
ATCGACC	9785	0.0	7.5788198	6
CGACAAT	7750	0.0	7.5251536	1
CTCGTAT	7380	0.0	7.512188	1
>>END_MODULE
