##FastQC	0.11.5
>>Basic Statistics	pass
#Measure	Value
Filename	MTWT1_1.fq
File type	Conventional base calls
Encoding	Sanger / Illumina 1.9
Total Sequences	40394811
Sequences flagged as poor quality	0
Sequence length	150
%GC	50
>>END_MODULE
>>Per base sequence quality	pass
#Base	Mean	Median	Lower Quartile	Upper Quartile	10th Percentile	90th Percentile
1	36.582411760758085	37.0	37.0	37.0	37.0	37.0
2	36.59284755658344	37.0	37.0	37.0	37.0	37.0
3	36.659562462119204	37.0	37.0	37.0	37.0	37.0
4	36.65758527747537	37.0	37.0	37.0	37.0	37.0
5	36.66874864199761	37.0	37.0	37.0	37.0	37.0
6	36.64487564999376	37.0	37.0	37.0	37.0	37.0
7	36.64214619050947	37.0	37.0	37.0	37.0	37.0
8	36.67514545370691	37.0	37.0	37.0	37.0	37.0
9	36.683982232272356	37.0	37.0	37.0	37.0	37.0
10-14	36.6728438808638	37.0	37.0	37.0	37.0	37.0
15-19	36.660397252508496	37.0	37.0	37.0	37.0	37.0
20-24	36.64516126588635	37.0	37.0	37.0	37.0	37.0
25-29	36.608225818905304	37.0	37.0	37.0	37.0	37.0
30-34	36.585131080326136	37.0	37.0	37.0	37.0	37.0
35-39	36.581298825732844	37.0	37.0	37.0	37.0	37.0
40-44	36.542931184898976	37.0	37.0	37.0	37.0	37.0
45-49	36.52199356001443	37.0	37.0	37.0	37.0	37.0
50-54	36.51008976870817	37.0	37.0	37.0	37.0	37.0
55-59	36.48508340836154	37.0	37.0	37.0	37.0	37.0
60-64	36.456522205290185	37.0	37.0	37.0	37.0	37.0
65-69	36.43466036763979	37.0	37.0	37.0	37.0	37.0
70-74	36.409581136547466	37.0	37.0	37.0	37.0	37.0
75-79	36.39890875587956	37.0	37.0	37.0	37.0	37.0
80-84	36.371744890698956	37.0	37.0	37.0	37.0	37.0
85-89	36.34227964081823	37.0	37.0	37.0	37.0	37.0
90-94	36.298520911510145	37.0	37.0	37.0	37.0	37.0
95-99	36.281946782719196	37.0	37.0	37.0	37.0	37.0
100-104	36.242663489624945	37.0	37.0	37.0	37.0	37.0
105-109	36.213540788691894	37.0	37.0	37.0	37.0	37.0
110-114	36.184210932438816	37.0	37.0	37.0	37.0	37.0
115-119	36.14305797841213	37.0	37.0	37.0	37.0	37.0
120-124	36.113921389556694	37.0	37.0	37.0	37.0	37.0
125-129	36.08591496071117	37.0	37.0	37.0	37.0	37.0
130-134	36.02270193070095	37.0	37.0	37.0	37.0	37.0
135-139	35.981458504657944	37.0	37.0	37.0	37.0	37.0
140-144	35.90424578047908	37.0	37.0	37.0	37.0	37.0
145-149	35.88610213821771	37.0	37.0	37.0	37.0	37.0
150	35.82926131279584	37.0	37.0	37.0	37.0	37.0
>>END_MODULE
>>Per sequence quality scores	pass
#Quality	Count
12	2.0
13	23.0
14	244.0
15	864.0
16	1937.0
17	2999.0
18	4688.0
19	6150.0
20	8577.0
21	11205.0
22	15268.0
23	20652.0
24	28272.0
25	38379.0
26	54322.0
27	76853.0
28	108701.0
29	150256.0
30	203741.0
31	272592.0
32	364896.0
33	516826.0
34	856320.0
35	2314543.0
36	2.9533013E7
37	5803488.0
>>END_MODULE
>>Per base sequence content	fail
#Base	G	A	T	C
1	31.068460959413898	12.800903819645681	17.624277492586636	38.506357728353784
2	25.400114648677523	22.02457996136135	33.21373326842303	19.3615721215381
3	27.4978978336639	24.88473765966778	21.637893632425833	25.979470874242487
4	28.89134943594612	31.319359310778804	17.894781089581034	21.894510163694044
5	28.414382233401213	30.80707073985319	20.30248637628234	20.47606065046325
6	22.535863410154302	33.31223335060843	21.096838646751134	23.05506459248613
7	20.10496944111921	16.00558576791213	38.871222150254766	25.018222640713887
8	22.443151401065407	19.888824785470504	27.148765082233982	30.5192587312301
9	23.684802903225098	19.441583583986464	28.204872206202968	28.66874130658547
10-14	25.227272847676524	25.719840914688106	24.22320388031437	24.829682357320994
15-19	25.312055550897366	24.25511435119724	25.137600965628977	25.29522913227642
20-24	25.283180087975172	24.98901653373415	24.79781225344139	24.92999112484929
25-29	25.236667650208833	24.95759170651894	24.761746750096194	25.04399389317603
30-34	25.149410403232235	25.04396963263425	24.788942817432666	25.017677146700844
35-39	25.223193147258442	24.964842637832867	24.706764440610947	25.10519977429774
40-44	25.2469819098451	24.922226748162238	24.74501136663613	25.08577997535653
45-49	25.270061439579067	24.88596306733281	24.662690809175277	25.181284683912843
50-54	25.19921828573477	24.93331779668433	24.735277508786957	25.132186408793945
55-59	25.272407144297887	24.882246136834222	24.635071812912525	25.21027490595537
60-64	25.166463583651872	24.890777184227943	24.686744047397575	25.256015184722614
65-69	25.266099648293938	24.92889346604444	24.66265085384358	25.142356031818046
70-74	25.262048632929613	24.908439848870685	24.62641253600617	25.203098982193527
75-79	25.21997936814211	24.879737647491407	24.662431023628255	25.237851960738222
80-84	25.21252445023199	24.903243636911682	24.68278858886108	25.201443323995253
85-89	25.293738346739637	24.9247637276976	24.609221219032314	25.17227670653045
90-94	25.236223038647214	24.902297475782223	24.65182223528661	25.20965725028395
95-99	25.27277773375397	24.94137922813898	24.649236259577993	25.136606778529053
100-104	25.328612627993234	24.926328285085926	24.577516651829363	25.167542435091477
105-109	25.2772768264716	24.92258869585997	24.63581720929453	25.1643172683739
110-114	25.28228043943565	24.96507385564943	24.58713620420207	25.16550950071285
115-119	25.31899691748522	24.980882197679534	24.55839376832426	25.141727116510985
120-124	25.351225433385494	24.982481537046926	24.49869712226157	25.167595907306016
125-129	25.323765965881112	25.054350173837918	24.517354469117333	25.10452939116363
130-134	25.39840674090541	25.061979866671493	24.38414478532899	25.155468607094118
135-139	25.330347504287122	25.07543753577656	24.433035718374818	25.1611792415615
140-144	25.400195718212316	25.14917683732143	24.329136342020174	25.12149110244608
145-149	25.391957892809547	25.191125662154974	24.322907216969032	25.094009228066444
150	25.28688895214784	25.204281807383627	24.373603332368603	25.13522590809993
>>END_MODULE
>>Per sequence GC content	pass
#GC Content	Count
0	1285.0
1	949.0
2	514.5
3	353.0
4	265.0
5	243.5
6	250.5
7	241.5
8	256.0
9	295.5
10	339.5
11	426.5
12	538.5
13	712.0
14	977.5
15	1294.5
16	1810.5
17	2994.0
18	4527.0
19	6564.0
20	10009.5
21	14971.5
22	21980.5
23	32749.0
24	47909.5
25	64866.5
26	85104.0
27	110486.0
28	138989.0
29	171388.5
30	206529.0
31	245981.0
32	293591.5
33	347514.5
34	408562.5
35	472895.5
36	546840.5
37	619567.0
38	695765.5
39	786933.0
40	872144.5
41	947275.5
42	1026558.0
43	1113438.0
44	1200721.5
45	1277086.5
46	1342005.5
47	1412206.5
48	1474041.5
49	1514954.0
50	1565882.0
51	1624819.0
52	1653153.5
53	1662300.0
54	1650178.0
55	1612342.5
56	1553050.0
57	1466789.0
58	1367046.0
59	1250899.0
60	1114664.5
61	972997.5
62	832790.0
63	696580.0
64	575516.5
65	469952.5
66	381871.0
67	319675.0
68	274599.5
69	231681.5
70	196815.0
71	172502.0
72	155509.5
73	143695.0
74	129817.5
75	114874.5
76	101938.5
77	92717.0
78	84581.0
79	74149.5
80	63433.5
81	54847.5
82	46772.0
83	39163.5
84	32981.0
85	26360.0
86	19020.0
87	13246.0
88	9512.5
89	6626.0
90	4098.0
91	2556.5
92	1702.5
93	1145.5
94	844.5
95	616.0
96	433.0
97	304.0
98	261.0
99	172.0
100	61.0
>>END_MODULE
>>Per base N content	pass
#Base	N-Count
1	0.06141877975366687
2	0.021844389864826945
3	0.0048422060942431445
4	0.0
5	0.0
6	0.0034979740343382224
7	1.732895841498058E-5
8	3.960904780566989E-5
9	2.4755654878543683E-5
10-14	0.0010753856479239375
15-19	0.0
20-24	9.902261951417473E-6
25-29	0.0
30-34	0.0
35-39	0.0
40-44	2.574588107368543E-5
45-49	7.426696463563105E-6
50-54	0.0
55-59	9.902261951417473E-7
60-64	0.0
65-69	0.0
70-74	0.0
75-79	0.0
80-84	0.0
85-89	0.0
90-94	0.0
95-99	0.0
100-104	0.0
105-109	0.0
110-114	0.0
115-119	1.485339292712621E-6
120-124	0.0
125-129	0.0
130-134	0.0
135-139	0.0
140-144	2.475565487854368E-6
145-149	0.0
150	0.0
>>END_MODULE
>>Sequence Length Distribution	pass
#Length	Count
150	4.0394811E7
>>END_MODULE
>>Sequence Duplication Levels	fail
#Total Deduplicated Percentage	45.780537027069336
#Duplication Level	Percentage of deduplicated	Percentage of total
1	63.10477351505269	28.88970420490694
2	18.612071715405733	17.04141276635204
3	7.491269669392375	10.288630454381373
4	3.665635862380401	6.712591133018367
5	2.0319271749204497	4.651135863387703
6	1.2123399697394266	3.3300944924431155
7	0.8393241931197517	2.6897298610583724
8	0.5835290280160501	2.1371417818766854
9	0.413873071548853	1.7052598328894262
>10	1.9068309546233324	14.939180806594878
>50	0.09053983590998123	2.8408869970882815
>100	0.0450581746804429	3.6882153944109097
>500	0.0022558780055534347	0.6811551392291304
>1k	5.709572051378635E-4	0.4048612723629856
>5k	0.0	0.0
>10k+	0.0	0.0
>>END_MODULE
>>Overrepresented sequences	pass
>>END_MODULE
>>Adapter Content	pass
#Position	Illumina Universal Adapter	Illumina Small RNA 3' Adapter	Illumina Small RNA 5' Adapter	Nextera Transposase Sequence	SOLID Small RNA Adapter
1	1.9804523902834945E-5	9.902261951417473E-6	0.0	9.902261951417473E-6	7.426696463563105E-6
2	2.970678585425242E-5	3.713348231781552E-5	0.0	5.693800622065047E-5	1.9804523902834945E-5
3	9.159592305061162E-5	3.960904780566989E-5	0.0	7.179139914777668E-5	3.2182351342106787E-5
4	2.104230664676213E-4	3.960904780566989E-5	0.0	8.169366109919415E-5	3.713348231781552E-5
5	2.178497629311844E-4	3.960904780566989E-5	0.0	9.407148853846599E-5	4.208461329352426E-5
6	2.475565487854368E-4	4.9511309757087365E-5	0.0	1.1387601244130094E-4	4.208461329352426E-5
7	2.574588107368543E-4	7.426696463563104E-5	0.0	1.3863166731984463E-4	4.456017878137863E-5
8	2.9954342403037856E-4	8.664479207490289E-5	0.0	1.9309410805264072E-4	4.7035744269232995E-5
9	3.515302992753203E-4	8.664479207490289E-5	0.0	1.9804523902834946E-4	5.44624407327961E-5
10-11	4.8025970464374746E-4	9.283370579453882E-5	0.0	2.1908754567511157E-4	7.302918189170387E-5
12-13	6.015624135486115E-4	1.0892488146559221E-4	0.0	2.5250767976114555E-4	1.0026040225810192E-4
14-15	7.253406879413299E-4	1.2006492616093686E-4	0.0	2.921167275668154E-4	1.1016266420951938E-4
16-17	8.67685703492956E-4	1.2749162262449995E-4	0.0	3.267746443967766E-4	1.1635157792915531E-4
18-19	0.0010137440672763638	1.3491831908806309E-4	0.0	3.6514590945851933E-4	1.2872940536842715E-4
20-21	0.0012068381753290044	1.41107232807699E-4	0.0	4.7530857366803866E-4	1.485339292712621E-4
22-23	0.0013937433696620091	1.5100949475911645E-4	0.0	6.003246308046843E-4	1.6091175671053393E-4
24-25	0.0015620818228361064	1.6833845317409704E-4	0.0	8.664479207490289E-4	1.7452736689373296E-4
26-27	0.0017390847552176936	1.7576514963766015E-4	0.0	9.370015371528784E-4	2.0052080451620383E-4
28-29	0.0019519833871731694	2.1289863195547568E-4	0.0	9.605194092874949E-4	2.178497629311844E-4
30-31	0.002185924325775407	2.4012985232187373E-4	0.0	0.001014981850020291	2.2280089390689314E-4
32-33	0.0024569987466954604	2.48794331529364E-4	0.0	0.0011078155558148298	2.3889206957794653E-4
34-35	0.002725597602127659	2.6983663817612617E-4	0.0	0.0011548513000840628	2.5126989701721835E-4
36-37	0.0029917208920720037	3.0573233775001445E-4	0.0	0.0011857958686822424	2.5622102799292715E-4
38-39	0.003268984226711693	3.2306129616499506E-4	0.0	0.0012563494850860919	2.710744209200533E-4
40-41	0.003542534213119601	3.280124271407038E-4	0.0	0.0013070985775871064	2.896411620789611E-4
42-43	0.003906442339834193	3.354391236042669E-4	0.0	0.001318238622282451	3.020189895182329E-4
44-45	0.004231979201487043	3.4657916829961157E-4	0.0	0.0013454698426488493	3.0697012049394164E-4
46-47	0.004597125110945561	3.515302992753203E-4	0.0	0.0014358279829555336	3.205857306771407E-4
48-49	0.004994453371746188	3.577192129949562E-4	0.0	0.0014395413311873151	3.4534138555568437E-4
50-51	0.005482139772853499	3.688592576903009E-4	0.0	0.0014618214205780046	3.5276808201924745E-4
52-53	0.006037904224876804	3.7628595415386396E-4	0.0	0.0014878148582004754	3.676214749463737E-4
54-55	0.006578815283972984	3.849504333613543E-4	0.0	0.0015175216440547277	3.738103886660096E-4
56-57	0.007192755524960867	3.911393470809902E-4	0.0	0.0015608440400921792	3.837126506174271E-4
58-59	0.007983698698330337	3.985660435445533E-4	0.0	0.0015756974330193053	3.849504333613543E-4
60-61	0.009167019001524727	4.1218165372775234E-4	0.0	0.001640062135703519	4.0475495726418926E-4
62-63	0.010528580019844629	4.183705674473883E-4	0.0	0.0017093779693634413	4.36937308606296E-4
64-65	0.011866623166029915	4.295106121427329E-4	0.0	0.0017390847552176936	4.678818772044756E-4
66-67	0.01342870498886602	4.381750913502232E-4	0.0	0.0017638404100962374	4.7035744269233E-4
68-69	0.01558244696329932	4.6293074622876684E-4	0.0	0.0018108761543654704	4.7778413915589306E-4
70-71	0.01841325609866079	4.728330081801843E-4	0.0	0.00184182072296365	4.913997493390921E-4
72-73	0.02175031837628848	4.7902192189982026E-4	0.0	0.001875240857049684	5.074909250101455E-4
74-75	0.025685229719232996	5.03777576778364E-4	0.0	0.0019445566907096063	5.124420559858542E-4
76-77	0.03023655686865325	5.124420559858543E-4	0.0	0.001997781348698475	5.17393186961563E-4
78-79	0.035801628085349875	5.260576661690532E-4	0.0	0.0020497682239434168	5.223443179372717E-4
80-81	0.042803765067745955	5.297710144008348E-4	0.0	0.0022205822426053685	5.297710144008348E-4
82-83	0.0510931961038263	5.371977108643978E-4	0.0	0.002318367079375616	5.409110590961794E-4
84-85	0.06126900804165168	5.483377555597426E-4	0.0	0.002380256216571975	5.433866245840339E-4
86-87	0.07331882305378282	5.570022347672328E-4	0.0	0.0024285297435851353	5.545266692793785E-4
88-89	0.08736765719735637	5.706178449504319E-4	0.0	0.0024421453537683347	5.656667139747231E-4
90-91	0.10427700726214562	5.941357170850484E-4	0.0	0.0024780410533422224	5.743311931822135E-4
92-93	0.12386368140204938	6.052757617803931E-4	0.0	0.002492894446269349	5.743311931822135E-4
94-95	0.14732213996495738	6.238425029393008E-4	0.0	0.0025052722737086207	5.805201069018493E-4
96-97	0.17359036535658007	6.461225923299901E-4	0.0	0.0025300279285871644	6.015624135486115E-4
98-99	0.2038479645318801	6.597382025131892E-4	0.0	0.0025523080179778537	6.139402409878834E-4
100-101	0.23866307977032	6.64689333488898E-4	0.0	0.0026018193277349408	6.238425029393008E-4
102-103	0.2782288051799524	6.745915954403153E-4	0.0	0.002629050548101339	6.275558511710823E-4
104-105	0.3236182983997623	6.93158336599223E-4	0.0	0.002682275206090208	6.510737233056988E-4
106-107	0.3729860253585541	7.191517742216939E-4	0.0	0.0027206464711519505	6.708782472085338E-4
108-109	0.4271773916704301	7.278162534291843E-4	0.0	0.002744164343286567	6.869694228795872E-4
110-111	0.4877742836821294	7.488585600759464E-4	0.0	0.0027528288224940574	6.931583365992231E-4
112-113	0.5558312922914778	7.562852565395095E-4	0.0	0.002755304387981912	7.018228158067134E-4
114-115	0.6311503722594469	7.649497357469998E-4	0.0	0.0027602555189576205	7.104872950142037E-4
116-117	0.7130383652494376	7.822786941619804E-4	0.0	0.0027664444326772567	7.228651224534756E-4
118-119	0.8028196987974521	7.946565216012521E-4	0.0	0.0028011023495072176	7.575230392834367E-4
120-121	0.9030144985701258	8.119854800162328E-4	0.0	0.002823382438897907	7.760897804423444E-4
122-123	1.0131239381216561	8.40454483126558E-4	0.0	0.0028320469181053972	7.773275631862717E-4
124-125	1.132121895557328	8.701612689808104E-4	0.0	0.0028357602663371785	7.773275631862717E-4
126-127	1.2616954687571134	8.813013136761551E-4	0.0	0.002843186962800742	7.859920423937619E-4
128-129	1.4025650472779783	8.899657928836454E-4	0.0	0.0028592781384717955	7.934187388573251E-4
130-131	1.5559362315125078	9.060569685546988E-4	0.0	0.002875369314142849	7.996076525769609E-4
132-133	1.7239206788218417	9.258614924575337E-4	2.475565487854368E-6	0.002891460489813902	8.144610455040871E-4
134-135	1.9083923922802857	9.382393198968057E-4	2.475565487854368E-6	0.0029026005345092467	8.441678313583395E-4
136-137	2.1072743724435297	9.530927128239318E-4	2.475565487854368E-6	0.002936020668595281	8.701612689808104E-4
138	2.2638303716781842	9.704216712389124E-4	2.475565487854368E-6	0.002945922930546698	8.788257481883008E-4
>>END_MODULE
>>Kmer Content	fail
#Sequence	Count	PValue	Obs/Exp Max	Max Obs/Exp Position
CGCGAGT	5590	0.0	13.794398	1
GATCGTA	7360	0.0	12.42469	5
ATCGTAC	7640	0.0	11.9693365	6
CGTACTA	6805	0.0	11.215805	8
CGCGAAT	1900	0.0	9.861671	1
TCGACCG	4935	0.0	9.337832	7
GGGATCG	16205	0.0	8.620187	3
CTCGGGT	22385	0.0	8.56358	1
CGGGAAT	13025	0.0	8.520671	1
CGGGGAT	22725	0.0	8.403743	1
GGATCGT	12245	0.0	8.349722	4
CGGAAAT	11510	0.0	8.202132	1
CTCGAAT	11695	0.0	8.010764	1
CGAATCG	4965	0.0	7.9764094	3
GTCGGTT	11890	0.0	7.8793845	1
CGCGGTT	6955	0.0	7.87494	1
CTCGGAT	20335	0.0	7.8675513	1
CGACAAT	8415	0.0	7.7076006	1
AATCCAA	37670	0.0	7.6649346	5
CCGGAAT	12350	0.0	7.644254	1
>>END_MODULE
