##FastQC	0.11.5
>>Basic Statistics	pass
#Measure	Value
Filename	MTWT1_2.fq
File type	Conventional base calls
Encoding	Sanger / Illumina 1.9
Total Sequences	40394811
Sequences flagged as poor quality	0
Sequence length	150
%GC	50
>>END_MODULE
>>Per base sequence quality	pass
#Base	Mean	Median	Lower Quartile	Upper Quartile	10th Percentile	90th Percentile
1	36.432682059089224	37.0	37.0	37.0	37.0	37.0
2	36.35681882507137	37.0	37.0	37.0	37.0	37.0
3	36.40619808816533	37.0	37.0	37.0	37.0	37.0
4	36.39053290780343	37.0	37.0	37.0	37.0	37.0
5	36.390975935003134	37.0	37.0	37.0	37.0	37.0
6	36.35037992874877	37.0	37.0	37.0	37.0	37.0
7	36.32092763102667	37.0	37.0	37.0	37.0	37.0
8	36.40614025895554	37.0	37.0	37.0	37.0	37.0
9	36.397629116274366	37.0	37.0	37.0	37.0	37.0
10-14	36.39347108716513	37.0	37.0	37.0	37.0	37.0
15-19	36.38480109239774	37.0	37.0	37.0	37.0	37.0
20-24	36.35175676895728	37.0	37.0	37.0	37.0	37.0
25-29	36.29937448649035	37.0	37.0	37.0	37.0	37.0
30-34	36.26974967156054	37.0	37.0	37.0	37.0	37.0
35-39	36.23720907618555	37.0	37.0	37.0	37.0	37.0
40-44	36.18431409420383	37.0	37.0	37.0	37.0	37.0
45-49	36.150669208478284	37.0	37.0	37.0	37.0	37.0
50-54	36.098460834486886	37.0	37.0	37.0	37.0	37.0
55-59	36.07931898975836	37.0	37.0	37.0	37.0	37.0
60-64	36.03868226045172	37.0	37.0	37.0	37.0	37.0
65-69	35.973241206649035	37.0	37.0	37.0	37.0	37.0
70-74	35.939072070420124	37.0	37.0	37.0	37.0	37.0
75-79	35.880251342183534	37.0	37.0	37.0	37.0	37.0
80-84	35.84111985076499	37.0	37.0	37.0	37.0	37.0
85-89	35.7921279542563	37.0	37.0	37.0	37.0	37.0
90-94	35.74709040723077	37.0	37.0	37.0	37.0	37.0
95-99	35.678457636551386	37.0	37.0	37.0	37.0	37.0
100-104	35.61031977597321	37.0	37.0	37.0	37.0	37.0
105-109	35.591643208826994	37.0	37.0	37.0	37.0	37.0
110-114	35.51687531846603	37.0	37.0	37.0	37.0	37.0
115-119	35.434801905621	37.0	37.0	37.0	37.0	37.0
120-124	35.40478082197241	37.0	37.0	37.0	37.0	37.0
125-129	35.346580465495926	37.0	37.0	37.0	37.0	37.0
130-134	35.20618308623848	37.0	37.0	37.0	27.4	37.0
135-139	35.1966490200932	37.0	37.0	37.0	25.0	37.0
140-144	35.14383434545591	37.0	37.0	37.0	25.0	37.0
145-149	34.93759733149884	37.0	37.0	37.0	25.0	37.0
150	34.80841816539258	37.0	37.0	37.0	25.0	37.0
>>END_MODULE
>>Per sequence quality scores	pass
#Quality	Count
11	11.0
12	347.0
13	1425.0
14	2172.0
15	2690.0
16	3597.0
17	5062.0
18	7206.0
19	10767.0
20	16138.0
21	23510.0
22	32706.0
23	43006.0
24	55911.0
25	71917.0
26	90827.0
27	116718.0
28	148408.0
29	193395.0
30	254751.0
31	350815.0
32	528059.0
33	926107.0
34	2162626.0
35	7831546.0
36	2.6474408E7
37	1040686.0
>>END_MODULE
>>Per base sequence content	fail
#Base	G	A	T	C
1	30.221056142713	12.862713092371331	18.763315758961685	38.152915005953986
2	25.498138089928645	22.382463592423786	32.46811162899808	19.651286688649485
3	27.682902143050008	25.149217804237285	21.574466581858744	25.593413470853964
4	29.378919485475496	30.834163328552272	17.636369186131358	22.15054799984087
5	28.50383679230483	30.808093148399678	20.228801169536354	20.459268889759134
6	22.667099494536565	32.974349106374085	21.142760143128285	23.21579125596107
7	20.117247237522662	16.12666537788727	38.90473209541691	24.851355289173156
8	22.21530631743765	19.81068310976873	27.501554593237238	30.472455979556383
9	23.614389481856964	19.680465889542102	28.313522744295057	28.391621884305884
10-14	25.14288580283245	25.733982515724605	24.409427240543348	24.7137044408996
15-19	25.226967889514324	24.235378152901866	25.301472508436788	25.236181449147022
20-24	25.20357726144578	24.99741414806966	24.939021994681447	24.85998659580311
25-29	25.16686710082639	24.94449002373102	24.89205804181136	24.996584833631232
30-34	25.076445095471993	25.044657842493155	24.927319497189053	24.951577564845795
35-39	25.163381999732586	24.957033714057978	24.823403679249793	25.056180606959643
40-44	25.171890770977217	24.92250724745336	24.85770832865761	25.047893652911817
45-49	25.211985280465264	24.87610945380522	24.769992849625876	25.14191241610364
50-54	25.136961123766355	24.93583312556667	24.837104269368737	25.090101481298237
55-59	25.227970449897153	24.85611018100232	24.735119845930257	25.180799523170272
60-64	25.104006311385334	24.88894402028625	24.7904734450503	25.21657622327812
65-69	25.22912335946736	24.908151422383977	24.74462619723242	25.118099020916247
70-74	25.22104930754596	24.880593202924008	24.725918385903576	25.172439103626452
75-79	25.20918311060648	24.846974612108742	24.733215416506923	25.21062686077785
80-84	25.181673245883808	24.877791374585577	24.75281432185998	25.187721057670636
85-89	25.284144170320015	24.884547299327863	24.671751154730003	25.159557375622114
90-94	25.226783872765257	24.870729659891204	24.712792018624892	25.189694448718647
95-99	25.298546390030147	24.899248074214285	24.70155288014592	25.10065265560965
100-104	25.356378075391913	24.868172795758348	24.629047032798347	25.146402096051396
105-109	25.328033840782172	24.875996077813063	24.686420243431762	25.109549837973
110-114	25.365908012293954	24.88580476338904	24.627994422352913	25.120292801964094
115-119	25.441385528453146	24.893994924249057	24.62342452846233	25.041195018835467
120-124	25.498747351485317	24.868234189782445	24.563428208637987	25.069590250094254
125-129	25.51046073714765	24.954485862057876	24.582632655466565	24.952420745327906
130-134	25.662204979743564	24.911980897744517	24.434297761660524	24.9915163608514
135-139	25.643262942856694	24.929385113350328	24.532391549003655	24.89496039478932
140-144	25.806534408590252	24.93965672967253	24.425006469271512	24.828802392465704
145-149	25.886680187554646	24.97431711509312	24.444663307244284	24.69433939010795
150	25.900306101363718	24.975627425606802	24.45598366660611	24.66808280642337
>>END_MODULE
>>Per sequence GC content	pass
#GC Content	Count
0	4378.0
1	3695.0
2	2646.5
3	2006.0
4	1609.0
5	1379.0
6	1246.5
7	1174.0
8	1136.5
9	1175.0
10	1209.0
11	1280.0
12	1417.5
13	1598.0
14	1877.5
15	2351.0
16	3100.5
17	4371.0
18	6072.0
19	8397.5
20	11931.0
21	17114.0
22	24691.0
23	35946.5
24	51529.5
25	68897.5
26	89021.5
27	114376.5
28	142824.5
29	175026.0
30	210382.5
31	249929.0
32	298246.0
33	352165.0
34	413156.5
35	478736.0
36	552818.0
37	624891.5
38	700838.0
39	791489.5
40	877708.5
41	952114.5
42	1029644.5
43	1115179.0
44	1198112.0
45	1275410.0
46	1343998.0
47	1411182.0
48	1471195.0
49	1512335.5
50	1561719.0
51	1618083.0
52	1644974.0
53	1654177.0
54	1643518.5
55	1605305.0
56	1544330.0
57	1459368.0
58	1359185.0
59	1242381.5
60	1107848.0
61	966712.0
62	825996.5
63	692145.5
64	573036.0
65	467923.5
66	379272.5
67	316889.5
68	273415.5
69	231088.5
70	195306.0
71	170241.0
72	153681.0
73	142034.0
74	128922.0
75	114789.0
76	101663.5
77	92481.0
78	84448.5
79	74188.0
80	63278.5
81	54924.0
82	46826.5
83	38836.0
84	33259.5
85	26931.5
86	19267.0
87	13231.5
88	9483.0
89	6647.5
90	4207.0
91	2775.0
92	1941.5
93	1453.5
94	1083.0
95	830.5
96	707.5
97	554.5
98	464.0
99	433.5
100	971.5
>>END_MODULE
>>Per base N content	pass
#Base	N-Count
1	1.2377827439271841E-5
2	0.0013368053634413588
3	0.0
4	0.0
5	0.0
6	0.0
7	0.0
8	0.0
9	0.0
10-14	0.0
15-19	0.0
20-24	0.0
25-29	0.0
30-34	5.941357170850484E-6
35-39	0.0
40-44	2.970678585425242E-6
45-49	3.960904780566989E-6
50-54	3.381622456409067E-4
55-59	3.515302992753203E-5
60-64	6.931583365992231E-6
65-69	1.5992153051539218E-4
70-74	0.0
75-79	2.6240994171256305E-5
80-84	8.763501827004464E-5
85-89	4.951130975708736E-7
90-94	1.8319184610122327E-5
95-99	0.0
100-104	0.0
105-109	0.0
110-114	0.0
115-119	0.0
120-124	0.0
125-129	0.0
130-134	0.0
135-139	0.0
140-144	0.0
145-149	0.015449509096601541
150	5.4462440732796106E-5
>>END_MODULE
>>Sequence Length Distribution	pass
#Length	Count
150	4.0394811E7
>>END_MODULE
>>Sequence Duplication Levels	fail
#Total Deduplicated Percentage	46.862865794940795
#Duplication Level	Percentage of deduplicated	Percentage of total
1	64.45848569838127	30.207093646283518
2	18.08925812693017	16.95428951864741
3	7.139444492425026	10.037244872968296
4	3.4939839250841964	6.5495239908360485
5	1.9322940313888062	4.5276417934669375
6	1.1798795953206598	3.3175523477820685
7	0.8009774755460886	2.6275269958900775
8	0.5438734609060314	2.0389975206295463
9	0.3907700851593068	1.648134545174836
>10	1.8384530919606097	14.64180806832177
>50	0.0854232081478499	2.7274184982279595
>100	0.04452611762244832	3.670924832304476
>500	0.002104925202607204	0.6482896755552084
>1k	5.198058164963145E-4	0.36940273571798593
>5k	0.0	0.0
>10k+	5.9601081155055014E-6	0.03415095819393303
>>END_MODULE
>>Overrepresented sequences	pass
>>END_MODULE
>>Adapter Content	pass
#Position	Illumina Universal Adapter	Illumina Small RNA 3' Adapter	Illumina Small RNA 5' Adapter	Nextera Transposase Sequence	SOLID Small RNA Adapter
1	1.9804523902834945E-5	7.426696463563105E-6	0.0	9.902261951417473E-6	4.951130975708736E-6
2	2.970678585425242E-5	5.1986875244941735E-5	0.0	5.941357170850484E-5	9.902261951417473E-6
3	8.664479207490289E-5	5.44624407327961E-5	0.0	6.436470268421357E-5	3.465791682996116E-5
4	2.0794750097976694E-4	5.44624407327961E-5	0.0	8.416922658704852E-5	3.960904780566989E-5
5	2.1537419744333002E-4	5.44624407327961E-5	0.0	9.407148853846599E-5	4.7035744269232995E-5
6	2.4508098329758247E-4	5.44624407327961E-5	0.0	1.2130270890486405E-4	4.7035744269232995E-5
7	2.5498324524899995E-4	8.169366109919415E-5	0.0	1.237782743927184E-4	5.693800622065047E-5
8	2.9706785854252416E-4	9.902261951417473E-5	0.0	1.7081401866195141E-4	6.684026817206794E-5
9	3.515302992753203E-4	1.014981850020291E-4	0.0	1.8071628061336887E-4	7.426696463563104E-5
10-11	4.814974873876746E-4	1.0397375048988347E-4	0.0	1.9804523902834946E-4	8.293144384312134E-5
12-13	6.003246308046843E-4	1.2254049164879123E-4	0.0	2.2898980762652905E-4	9.778483677024754E-5
14-15	7.253406879413299E-4	1.3739388457591743E-4	0.0	2.921167275668155E-4	1.0768709872166501E-4
16-17	8.73874617212592E-4	1.41107232807699E-4	0.0	3.0697012049394164E-4	1.1140044695344657E-4
18-19	0.0010186951982520725	1.6833845317409704E-4	0.0	3.490547337874659E-4	1.1387601244130094E-4
20-21	0.0012266426992318395	1.8195406335729607E-4	0.0	4.5550404976520375E-4	1.398694500637718E-4
22-23	0.00145934585509015	1.9309410805264072E-4	0.0	5.966112825729027E-4	1.6091175671053393E-4
24-25	0.001680908966253116	2.1042306646762128E-4	0.0	8.392167003826308E-4	1.7452736689373296E-4
26-27	0.0019606478663806597	2.2032532841903877E-4	0.0	8.961547066032813E-4	1.9680745628442226E-4
28-29	0.0023035136864484897	2.5374546250507275E-4	0.0	9.159592305061162E-4	2.0547193549191257E-4
30-31	0.002668659595907009	2.723122036639805E-4	0.0	9.580438437996404E-4	2.1413641469940285E-4
32-33	0.0030387566363412367	2.797389001275436E-4	0.0	0.0010719198562409414	2.4508098329758247E-4
34-35	0.003449700507325062	2.9830564128645136E-4	0.0	0.0011474246036204997	2.599343762247087E-4
36-37	0.0038767355539799406	3.069701204939417E-4	0.0	0.0011845580859383151	2.648855072004174E-4
38-39	0.004283966076731984	3.181101651892863E-4	0.0	0.0012526361368543103	2.82214465615398E-4
40-41	0.004687483251252246	3.267746443967766E-4	0.0	0.0013132874913067425	2.945922930546698E-4
42-43	0.005181358566079193	3.329635581164125E-4	0.0	0.001338043146185286	3.1068346872572324E-4
44-45	0.005682660577369702	3.5276808201924745E-4	0.0	0.001397456717893791	3.267746443967766E-4
46-47	0.006212431591770537	3.6019477848281054E-4	0.0	0.0015001926856397473	3.342013408603397E-4
48-49	0.006763244912818133	3.6390812671459213E-4	0.0	0.001506381599359383	3.502925165313931E-4
50-51	0.007410605287892051	3.750481714099368E-4	0.0	0.001539801733445417	3.5648143025102905E-4
52-53	0.008161939413455853	3.8371265061742704E-4	0.0	0.0015558929091164706	3.663836922024465E-4
54-55	0.008842719922615802	3.923771298249174E-4	0.0	0.001593026391434286	3.923771298249174E-4
56-57	0.009596529613667458	4.2084613293524257E-4	0.0	0.0016623422250942083	4.03517174520262E-4
58-59	0.010573140198626006	4.4683957055771347E-4	0.0	0.0016722444870456259	4.134194364716795E-4
60-61	0.011913658910299146	4.5674183250913095E-4	0.0	0.0017564137136326743	4.183705674473883E-4
62-63	0.013406424899475331	4.6416852897269404E-4	0.0	0.0018442962884515043	4.4931513604556787E-4
64-65	0.014895477540419734	4.691196599484028E-4	0.0	0.0018826675535132472	4.728330081801843E-4
66-67	0.016613519988990667	4.814974873876746E-4	0.0	0.0019074232083917907	4.827352701316018E-4
68-69	0.018935600416598065	5.11204273241927E-4	0.0	0.0019272277322946257	4.889241838512377E-4
70-71	0.021949601398060757	5.285332316569076E-4	0.0	0.0019581723008928052	4.963508803148009E-4
72-73	0.025429008691240068	5.458621900718882E-4	0.0	0.0019990191314424024	5.087287077540728E-4
74-75	0.02949141165680909	5.730934104382862E-4	0.0	0.002062146051382689	5.211065351933445E-4
76-77	0.0342407840452577	5.879468033654124E-4	0.0	0.002090615054493014	5.272954489129805E-4
78-79	0.03998533375982376	6.077513272682473E-4	0.0	0.0021252729713229753	5.532888865354513E-4
80-81	0.04714219358521074	6.18891371963592E-4	0.0	0.002339409386022378	5.817578896457766E-4
82-83	0.055588823029769835	6.25080285683228E-4	0.0	0.0024173896988897905	5.817578896457766E-4
84-85	0.06595525351016	6.349825476346454E-4	0.0	0.002471852139622587	5.966112825729027E-4
86-87	0.07812760901393993	6.461225923299901E-4	0.0	0.0025114611874282565	5.990868480607571E-4
88-89	0.09229279473544263	6.622137680010434E-4	0.0	0.002520125666635747	6.015624135486115E-4
90-91	0.10933334977108818	6.993472503188591E-4	0.0	0.0025597347144414168	6.089891100121746E-4
92-93	0.12903018657520143	7.104872950142037E-4	0.0	0.0025857281520638873	6.139402409878833E-4
94-95	0.15255796097176938	7.216273397095483E-4	0.0	0.0025993437622470867	6.238425029393008E-4
96-97	0.17894253794132123	7.302918189170387E-4	0.0	0.0026302883308452663	6.485981578178445E-4
98-99	0.2092112771613166	7.389562981245289E-4	0.0	0.0026513306374920283	6.560248542814076E-4
100-101	0.24407466592676963	7.488585600759464E-4	0.0	0.002682275206090208	6.609759852571163E-4
102-103	0.2836490558156096	7.711386494666357E-4	0.0	0.0026996041645051885	6.758293781842426E-4
104-105	0.3289915132911502	7.909431733694706E-4	0.0	0.002721884253895878	7.042983812945678E-4
106-107	0.37830477780920924	8.07034349040524E-4	0.0	0.0027540666052379846	7.154384259899125E-4
108-109	0.4322832454891298	8.280766556872862E-4	0.0	0.002763968867189402	7.265784706852571E-4
110-111	0.49246671806435727	8.441678313583395E-4	0.0	0.0027751089118847466	7.352429498927474E-4
112-113	0.5601598185469912	8.577834415415386E-4	0.0	0.002781297825604383	7.575230392834367E-4
114-115	0.6349070428872658	8.627345725172474E-4	0.0	0.002789962304811873	7.624741702591454E-4
116-117	0.7162330825115137	8.887280101397181E-4	0.0	0.002794913435787582	7.723764322105629E-4
118-119	0.8052927887198185	9.048191858107716E-4	0.0	0.002818431307922198	7.79803128674126E-4
120-121	0.9046000982650965	9.097703167864804E-4	0.0	0.002836998049081106	7.897053906255434E-4
122-123	1.0138307120684387	9.431904508725142E-4	0.0	0.0028481380937764506	7.897053906255434E-4
124-125	1.1315240464920109	9.642327575192765E-4	0.0	0.0028580403557278682	7.909431733694706E-4
126-127	1.2595417267826803	9.716594539828395E-4	0.0	0.0028605159212157227	7.996076525769609E-4
128-129	1.3990571709816888	9.778483677024754E-4	0.0	0.00287041818316714	8.095099145283785E-4
130-131	1.550561778838376	9.87750629653893E-4	0.0	0.0029075516654849557	8.429300486144124E-4
132-133	1.716824470350907	0.0010013662398370919	0.0	0.002937258451339208	8.515945278219026E-4
134-135	1.898648566520091	0.001007555153556728	0.0	0.002950874061522407	8.614967897733201E-4
136-137	2.0945598680979103	0.0010125062845324365	0.0	0.002983056412864514	8.713990517247377E-4
138	2.2481897489259204	0.0010199329809959998	0.0	0.002985531978352368	8.813013136761551E-4
>>END_MODULE
>>Kmer Content	fail
#Sequence	Count	PValue	Obs/Exp Max	Max Obs/Exp Position
CGCGAGT	5375	0.0	12.859416	1
GATCGTA	7450	0.0	12.370249	5
ATCGTAC	7675	0.0	11.350937	6
CGTACTA	6505	0.0	11.178893	8
TCGACCG	5085	0.0	10.0529175	7
CGGGAAT	12905	0.0	9.5404005	1
CGGAAAT	11415	0.0	9.524221	1
ATCGACC	11095	0.0	8.890332	6
GGATCGT	11775	0.0	8.866083	4
CTCGGGT	22025	0.0	8.662804	1
CGCGGTT	6465	0.0	8.46396	1
GGGATCG	16220	0.0	8.167548	3
CTCGGAT	19715	0.0	7.924857	1
CGGGGAT	23545	0.0	7.797762	1
CTCGATT	10235	0.0	7.7380824	1
GAATTGA	27750	0.0	7.7058086	4
CGGGTAT	6435	0.0	7.608321	1
CGAATCG	4545	0.0	7.603824	3
GGCGAAT	10660	0.0	7.5646577	1
GGAAAAT	55190	0.0	7.5404267	1
>>END_MODULE
