##FastQC	0.11.5
>>Basic Statistics	pass
#Measure	Value
Filename	MTWT3_1.fq
File type	Conventional base calls
Encoding	Sanger / Illumina 1.9
Total Sequences	39676528
Sequences flagged as poor quality	0
Sequence length	150
%GC	50
>>END_MODULE
>>Per base sequence quality	pass
#Base	Mean	Median	Lower Quartile	Upper Quartile	10th Percentile	90th Percentile
1	36.58084283483676	37.0	37.0	37.0	37.0	37.0
2	36.60097347731636	37.0	37.0	37.0	37.0	37.0
3	36.6660950272665	37.0	37.0	37.0	37.0	37.0
4	36.663749811979514	37.0	37.0	37.0	37.0	37.0
5	36.67510261986634	37.0	37.0	37.0	37.0	37.0
6	36.652821285168905	37.0	37.0	37.0	37.0	37.0
7	36.649637916906435	37.0	37.0	37.0	37.0	37.0
8	36.68138764561254	37.0	37.0	37.0	37.0	37.0
9	36.69200379629992	37.0	37.0	37.0	37.0	37.0
10-14	36.6806652840188	37.0	37.0	37.0	37.0	37.0
15-19	36.6682773653985	37.0	37.0	37.0	37.0	37.0
20-24	36.65302917634325	37.0	37.0	37.0	37.0	37.0
25-29	36.61718597957966	37.0	37.0	37.0	37.0	37.0
30-34	36.593478743906225	37.0	37.0	37.0	37.0	37.0
35-39	36.589400251957535	37.0	37.0	37.0	37.0	37.0
40-44	36.55051216174964	37.0	37.0	37.0	37.0	37.0
45-49	36.52974399372848	37.0	37.0	37.0	37.0	37.0
50-54	36.51683193650412	37.0	37.0	37.0	37.0	37.0
55-59	36.49197296194868	37.0	37.0	37.0	37.0	37.0
60-64	36.46206662034541	37.0	37.0	37.0	37.0	37.0
65-69	36.43998680529708	37.0	37.0	37.0	37.0	37.0
70-74	36.41468165762892	37.0	37.0	37.0	37.0	37.0
75-79	36.40412757890509	37.0	37.0	37.0	37.0	37.0
80-84	36.3761487698722	37.0	37.0	37.0	37.0	37.0
85-89	36.34574197621324	37.0	37.0	37.0	37.0	37.0
90-94	36.303882113878515	37.0	37.0	37.0	37.0	37.0
95-99	36.28544489578322	37.0	37.0	37.0	37.0	37.0
100-104	36.24909469901197	37.0	37.0	37.0	37.0	37.0
105-109	36.21748005773085	37.0	37.0	37.0	37.0	37.0
110-114	36.18939704603186	37.0	37.0	37.0	37.0	37.0
115-119	36.146086083943636	37.0	37.0	37.0	37.0	37.0
120-124	36.11830385965224	37.0	37.0	37.0	37.0	37.0
125-129	36.089698423208816	37.0	37.0	37.0	37.0	37.0
130-134	36.02798820501633	37.0	37.0	37.0	37.0	37.0
135-139	35.986836307854354	37.0	37.0	37.0	37.0	37.0
140-144	35.91229705381479	37.0	37.0	37.0	37.0	37.0
145-149	35.89706137593491	37.0	37.0	37.0	37.0	37.0
150	35.84058030480893	37.0	37.0	37.0	37.0	37.0
>>END_MODULE
>>Per sequence quality scores	pass
#Quality	Count
12	1.0
13	20.0
14	170.0
15	693.0
16	1648.0
17	2846.0
18	4290.0
19	6297.0
20	8767.0
21	11593.0
22	15664.0
23	21016.0
24	27936.0
25	38202.0
26	51990.0
27	73205.0
28	102510.0
29	143349.0
30	194353.0
31	260959.0
32	352161.0
33	498412.0
34	822998.0
35	2245411.0
36	2.9192488E7
37	5599549.0
>>END_MODULE
>>Per base sequence content	fail
#Base	G	A	T	C
1	31.170117123156345	12.621942498867591	17.85115895103204	38.356781426944025
2	25.882504107397843	21.39514060922416	32.42987008766928	20.292485195708718
3	27.92187304109566	24.579989485464782	21.590041407346693	25.908096066092863
4	29.532490846981368	30.69139517449712	17.75870610452608	22.017407873995428
5	28.80388626746776	30.404240512173846	20.077711940923862	20.71416127943453
6	22.998442146176533	33.01996295106633	20.721757043763674	23.25983785899346
7	20.55291443284125	16.167748990278103	38.27202431745587	25.007312259424776
8	22.832021910799206	19.89653172098714	26.78575443181643	30.485691936397224
9	23.921600067989843	19.482863338245895	27.883019158386745	28.712517435377517
10-14	25.509773225566594	25.478872516966934	24.002548455301294	25.008805802165174
15-19	25.550813821209356	24.06476846966045	24.925210693838938	25.45920701529126
20-24	25.502439916285812	24.821922157638944	24.590166983675275	25.08547094239997
25-29	25.461953223326393	24.783980594269742	24.54767765969845	25.206388522705414
30-34	25.36063135363054	24.833035289781407	24.608694591421912	25.197638765166147
35-39	25.4337335161988	24.769758583714786	24.510500515569305	25.286007384517113
40-44	25.461136455907564	24.726450054324825	24.541847676743348	25.27056581302427
45-49	25.480486371211025	24.706932255107215	24.44888244500035	25.363698928681405
50-54	25.399455819319673	24.728519592238516	24.52985402351738	25.342170564924434
55-59	25.50209043241934	24.671364513907893	24.42846170626856	25.398083347404203
60-64	25.38209240485962	24.688028146011163	24.485629891809083	25.444249557320138
65-69	25.479963871838784	24.721873849445696	24.45377781039712	25.3443844683184
70-74	25.477153142028957	24.690557601209463	24.424869534955278	25.407419721806303
75-79	25.44059853221028	24.671791342226314	24.451237769595163	25.436372355968246
80-84	25.429366702650995	24.68829581056084	24.46826042843265	25.41407705835551
85-89	25.505683360197246	24.722189401250027	24.39646987256546	25.375657365987266
90-94	25.45802596436866	24.707609496476103	24.42232999822968	25.412034540925553
95-99	25.49622587944187	24.75385850294159	24.409901995456863	25.34001362215968
100-104	25.549629745828568	24.725460352780868	24.350476432816905	25.37443346857366
105-109	25.48304629880921	24.729880094346964	24.418088195620342	25.368985411223484
110-114	25.512135033589633	24.766495193329416	24.34582027943574	25.37554949364521
115-119	25.54349376395772	24.75636589865842	24.342714270329154	25.35742606705471
120-124	25.56257795540981	24.751336104812395	24.30282155737014	25.383264382407656
125-129	25.52475609761015	24.816648775316228	24.321092813363105	25.337502313710512
130-134	25.573802223823616	24.808078468962808	24.220974678026263	25.397144629187313
135-139	25.49258947254659	24.797349707615545	24.28852998427685	25.42153083556101
140-144	25.564943854914233	24.83408451971658	24.214881127145432	25.38609049822375
145-149	25.54555529657232	24.838024133563298	24.244226712579287	25.37219385728509
150	25.452902532197374	24.84076731714025	24.313100178523687	25.39322997213869
>>END_MODULE
>>Per sequence GC content	pass
#GC Content	Count
0	1457.0
1	1047.0
2	518.5
3	355.5
4	293.5
5	241.5
6	213.0
7	226.5
8	236.5
9	256.0
10	290.5
11	352.5
12	460.0
13	605.5
14	792.0
15	1089.5
16	1640.5
17	2623.5
18	3896.0
19	5742.0
20	8736.5
21	12899.0
22	18895.5
23	28166.0
24	41357.0
25	55928.5
26	72987.0
27	94810.5
28	120010.5
29	149320.5
30	181302.5
31	217164.0
32	261099.5
33	312110.0
34	369329.5
35	431598.0
36	504128.0
37	575434.0
38	650084.0
39	738305.5
40	825752.0
41	903098.0
42	980920.0
43	1065443.0
44	1152274.0
45	1234861.0
46	1304380.5
47	1376071.5
48	1440568.5
49	1483736.0
50	1537431.0
51	1597060.5
52	1630342.0
53	1646747.5
54	1641306.0
55	1608476.5
56	1551333.0
57	1468185.0
58	1374311.5
59	1264624.5
60	1130297.0
61	988981.0
62	847098.5
63	711137.5
64	591059.5
65	484448.0
66	394450.5
67	329610.0
68	283895.0
69	240887.5
70	205193.0
71	180506.5
72	163792.0
73	151465.0
74	137316.0
75	123364.0
76	111076.0
77	100870.5
78	91795.5
79	81337.0
80	70403.5
81	61495.0
82	53040.0
83	45295.5
84	39197.0
85	32024.5
86	22923.0
87	15617.5
88	11514.5
89	8334.5
90	5337.5
91	3445.5
92	2298.5
93	1477.0
94	927.5
95	681.0
96	556.0
97	432.5
98	375.5
99	267.5
100	100.5
>>END_MODULE
>>Per base N content	pass
#Base	N-Count
1	0.06133349168052205
2	0.02134511366518764
3	0.0048542553925081345
4	0.0
5	0.0
6	0.0036091867715844494
7	2.2683436413589416E-5
8	5.0407636474643145E-5
9	3.52853455322502E-5
10-14	0.0010464625332135917
15-19	0.0
20-24	7.057069106450041E-6
25-29	0.0
30-34	0.0
35-39	0.0
40-44	1.9154901860364393E-5
45-49	5.040763647464315E-6
50-54	0.0
55-59	5.040763647464315E-7
60-64	0.0
65-69	0.0
70-74	0.0
75-79	0.0
80-84	0.0
85-89	0.0
90-94	0.0
95-99	0.0
100-104	0.0
105-109	0.0
110-114	0.0
115-119	2.5203818237321573E-6
120-124	0.0
125-129	0.0
130-134	0.0
135-139	0.0
140-144	3.024458188478589E-6
145-149	0.0
150	0.0
>>END_MODULE
>>Sequence Length Distribution	pass
#Length	Count
150	3.9676528E7
>>END_MODULE
>>Sequence Duplication Levels	fail
#Total Deduplicated Percentage	44.349379997008214
#Duplication Level	Percentage of deduplicated	Percentage of total
1	60.65483765814912	26.900044439580995
2	19.640724616762213	17.42107918890762
3	8.090095678405762	10.763721823613134
4	3.990214842098588	7.078542172077297
5	2.2080533006863354	4.8962897442893265
6	1.3402342914923993	3.5663135927050496
7	0.8791577767116648	2.7293071621697362
8	0.6209733502335195	2.20318264620173
9	0.44029625891976837	1.7574179488284534
>10	1.9868970727931787	14.994134659399702
>50	0.09867704574389848	2.986375165553608
>100	0.047220679013097074	3.754533439790396
>500	0.00215736372576404	0.6313441666553088
>1k	4.600652646290773E-4	0.3177138502276662
>5k	0.0	0.0
>10k+	0.0	0.0
>>END_MODULE
>>Overrepresented sequences	pass
>>END_MODULE
>>Adapter Content	pass
#Position	Illumina Universal Adapter	Illumina Small RNA 3' Adapter	Illumina Small RNA 5' Adapter	Nextera Transposase Sequence	SOLID Small RNA Adapter
1	3.0244581884785886E-5	3.5285345532250204E-5	0.0	7.561145471196472E-6	1.008152729492863E-5
2	3.5285345532250204E-5	6.552992741703609E-5	0.0	3.780572735598236E-5	1.2601909118660786E-5
3	7.309107288823255E-5	7.057069106450041E-5	0.0	5.0407636474643145E-5	3.0244581884785886E-5
4	1.3862100030526865E-4	7.561145471196471E-5	0.0	7.057069106450041E-5	4.284649100344667E-5
5	1.587840548951259E-4	7.561145471196471E-5	0.0	9.577450930182197E-5	5.29280182983753E-5
6	1.7894710948498317E-4	8.317260018316118E-5	0.0	1.234987093628757E-4	5.796878194583961E-5
7	1.9658978225110826E-4	8.82133638306255E-5	0.0	1.4366176395273295E-4	5.796878194583961E-5
8	2.6716047331560867E-4	1.1089680024421492E-4	0.0	2.0415092772230474E-4	6.552992741703609E-5
9	3.0244581884785886E-4	1.1341718206794708E-4	0.0	2.117120731935012E-4	7.057069106450041E-5
10-11	4.1460281000393987E-4	1.171977548035453E-4	0.0	2.469974187257514E-4	7.939202744756296E-5
12-13	5.154180829532261E-4	1.3988119121713472E-4	0.0	2.8606333699359983E-4	9.199393656622374E-5
14-15	6.515187014347626E-4	1.650850094544563E-4	0.0	3.490728825869038E-4	1.1089680024421492E-4
16-17	7.712368380620401E-4	1.7390634583751884E-4	0.0	3.717563190004932E-4	1.1593756389167923E-4
18-19	9.501839475470233E-4	1.7894710948498317E-4	0.0	4.0452128270901123E-4	1.171977548035453E-4
20-21	0.001233726902716891	1.9280920951551003E-4	0.0	5.091171283938958E-4	1.3736080939340256E-4
22-23	0.0015122290942392942	2.0163054589857258E-4	0.0	6.25054692285575E-4	1.4870252760019727E-4
24-25	0.001731502312903992	2.1675283684096552E-4	0.0	8.569298200689334E-4	1.650850094544563E-4
26-27	0.0019936220225721364	2.4195665507828706E-4	0.0	9.287607020453E-4	1.7138596401378668E-4
28-29	0.0022708640231826737	2.835429551698677E-4	0.0	9.426228020758268E-4	1.8524806404431358E-4
30-31	0.0025556671692644074	2.9362448246479634E-4	0.0	9.804285294318091E-4	1.940694004273761E-4
32-33	0.0028618935608478646	2.986652461122606E-4	0.0	0.0010799836114692295	2.1549264592909945E-4
34-35	0.0031958441524923753	3.074865824953232E-4	0.0	0.0011165291479133456	2.1801302775283158E-4
36-37	0.003572641235140333	3.251292552614483E-4	0.0	0.0011467737297981315	2.2683436413589416E-4
38-39	0.003959519845083219	3.3269040073264473E-4	0.0	0.0011921406026253103	2.343955096070906E-4
40-41	0.004403107046060079	3.36470973468243E-4	0.0	0.0012526297663948821	2.469974187257514E-4
42-43	0.004903402838070912	3.5159326441063594E-4	0.0	0.0012942160664864625	2.5833913693254615E-4
44-45	0.005346990039047771	3.5537383714623414E-4	0.0	0.0013471440847848382	2.646400914918765E-4
46-47	0.00586492850382473	3.6041460079369846E-4	0.0	0.0014454389759103923	2.709410460512069E-4
48-49	0.006500064723405233	3.7049612808862716E-4	0.0	0.0014567806941171869	2.772420006105373E-4
50-51	0.0073443926343555056	3.8561841903102007E-4	0.0	0.0014693826032358478	2.8858371881733196E-4
52-53	0.008310959063756788	3.994805190615469E-4	0.0	0.001475683557795178	2.9740505520039454E-4
54-55	0.00930020892957166	4.17123191827672E-4	0.0	0.0014857650850901066	3.150477279665197E-4
56-57	0.010559139650525873	4.48627964624324E-4	0.0	0.0015512950125071427	3.2890982799704653E-4
58-59	0.012312065208931588	4.6753082830231516E-4	0.0	0.0015891007398631252	3.52853455322502E-4
60-61	0.014671142595944887	4.700512101260473E-4	0.0	0.0016634520036632237	3.818378462954218E-4
62-63	0.017550678829558877	4.851735010684403E-4	0.0	0.001732762503815858	4.234241463870024E-4
64-65	0.020539851672505216	4.914744556277706E-4	0.0	0.001763007085700644	4.398066282412614E-4
66-67	0.023770981170529844	5.179384647769584E-4	0.0	0.0017743488039074387	4.473677737124579E-4
68-69	0.02804806912540331	5.355811375430834E-4	0.0	0.0017945118584972958	4.574493010073865E-4
70-71	0.03414613294792326	5.481830466617442E-4	0.0	0.001829797204029546	4.6375025556671696E-4
72-73	0.041233446636258095	5.696062921634675E-4	0.0	0.0018713835041211267	4.7635216468537773E-4
74-75	0.04899622265335314	5.998508740482534E-4	0.0	0.0019217911405957698	4.839133101565742E-4
76-77	0.057879308391097124	6.326158377567715E-4	0.0	0.001954556104304288	4.96515219275235E-4
78-79	0.06852162064180617	6.389167923161018E-4	0.0	0.0019911016407484043	5.053365556582975E-4
80-81	0.08207119332619023	6.527788923466287E-4	0.0	0.002152406077467262	5.393617102786816E-4
82-83	0.09862128057172745	6.628604196415573E-4	0.0	0.0022456602049453524	5.431422830142799E-4
84-85	0.11738300286758963	6.72941946936486E-4	0.0	0.00230740955962679	5.481830466617442E-4
86-87	0.13872559615095353	6.830234742314146E-4	0.0	0.0023489958597183707	5.607849557804051E-4
88-89	0.1631606979320368	6.956253833500755E-4	0.0	0.002357817196101433	5.683461012516015E-4
90-91	0.19118482343011467	7.246097743229952E-4	0.0	0.002388061777986219	5.746470558109318E-4
92-93	0.2239422259931615	7.510737834721829E-4	0.0	0.00240696464166421	5.771674376346639E-4
94-95	0.2604020694552709	7.611553107671115E-4	0.0	0.002419566550782871	5.885091558414587E-4
96-97	0.3008403356261415	7.674562653264419E-4	0.0	0.002443510178108326	6.099324013431821E-4
98-99	0.34472900451370136	7.800581744451026E-4	0.0	0.002467453805433782	6.275750741093071E-4
100-101	0.3935588819666882	8.002212290349599E-4	0.0	0.002498958578230434	6.389167923161018E-4
102-103	0.44751773643097	8.292056200078797E-4	0.0	0.002515341060084693	6.56559465082227E-4
104-105	0.5064883701517431	8.49368674597737E-4	0.0	0.0025581875510881395	6.641206105534234E-4
106-107	0.5691601845806669	8.569298200689334E-4	0.0	0.0026035544239153183	6.842836651432807E-4
108-109	0.6367618658568108	8.846540201299872E-4	0.0	0.002613635951210247	6.90584619702611E-4
110-111	0.7103280307188169	8.97255929248648E-4	0.0	0.0026350591967119704	6.994059560856737E-4
112-113	0.7893508222292032	9.123782201910409E-4	0.0	0.0026564824422136936	7.157884379399326E-4
114-115	0.8728598933858325	9.186791747503712E-4	0.0	0.002662783396773024	7.246097743229952E-4
116-117	0.9613328565443024	9.287607020453E-4	0.0	0.0026678241604204886	7.37211683441656E-4
118-119	1.0548881696503283	9.45143183899559E-4	0.0	0.002690507596834078	7.447728289128525E-4
120-121	1.1556731980177297	9.501839475470233E-4	0.0	0.002696808551393408	7.636756925908436E-4
122-123	1.2645385705120167	9.980712021979343E-4	0.0	0.0027056298877764706	7.737572198857723E-4
124-125	1.3785430015448932	0.0010320963568183185	0.0	0.002724532751454462	7.775377926213705E-4
126-127	1.4988118416006562	0.0010434380750251131	0.0	0.0027333540878375245	7.787979835332365E-4
128-129	1.624125225876619	0.0010484788386725774	0.0	0.002739655042396855	7.838387471807008E-4
130-131	1.7591168763557135	0.0010484788386725774	0.0	0.0027610782878985784	8.140833290654868E-4
132-133	1.903985903202014	0.001073682656909899	0.0	0.002774940387929105	8.355065745672102E-4
134-135	2.058534456442358	0.0010774632296454971	0.0	0.0027850219152240336	8.455881018621387E-4
136-137	2.2194230301603	0.0010875447569404259	0.0	0.002824087833491882	8.607103928045317E-4
138	2.345283337292013	0.001091325329676024	0.0	0.0028354295516986767	8.695317291875942E-4
>>END_MODULE
>>Kmer Content	fail
#Sequence	Count	PValue	Obs/Exp Max	Max Obs/Exp Position
GATCGTA	7215	0.0	14.371002	5
CGCGAGT	5635	0.0	13.300275	1
CGTACTA	6585	0.0	12.574617	8
ATCGTAC	7270	0.0	12.281409	6
TCGACCG	5515	0.0	11.619775	7
GGATCGT	11935	0.0	10.436871	4
GGGATCG	16465	0.0	9.752355	3
CCGGAAT	13005	0.0	9.309366	1
CGGAAAT	11225	0.0	8.795397	1
CGGGAAT	12610	0.0	8.686598	1
ATCGACC	11155	0.0	8.649602	6
CTCGATT	10975	0.0	8.142136	1
TACATCG	9925	0.0	8.125571	3
CCGGGAT	20260	0.0	8.038781	1
CGCGAAT	1885	1.8480932E-9	8.028402	1
GTCGGTT	10700	0.0	7.9472966	1
CTCGGAT	20340	0.0	7.900873	1
CTCGCAT	11105	0.0	7.852139	1
CGAGAAT	11875	0.0	7.8284764	1
AATCGAA	11245	0.0	7.6839175	5
>>END_MODULE
