##FastQC	0.11.5
>>Basic Statistics	pass
#Measure	Value
Filename	MTWT2_1.fq
File type	Conventional base calls
Encoding	Sanger / Illumina 1.9
Total Sequences	30573628
Sequences flagged as poor quality	0
Sequence length	150
%GC	50
>>END_MODULE
>>Per base sequence quality	pass
#Base	Mean	Median	Lower Quartile	Upper Quartile	10th Percentile	90th Percentile
1	36.588131902435656	37.0	37.0	37.0	37.0	37.0
2	36.603614592288494	37.0	37.0	37.0	37.0	37.0
3	36.66584786731885	37.0	37.0	37.0	37.0	37.0
4	36.66309029468142	37.0	37.0	37.0	37.0	37.0
5	36.67472005612157	37.0	37.0	37.0	37.0	37.0
6	36.64989375811075	37.0	37.0	37.0	37.0	37.0
7	36.64810636801102	37.0	37.0	37.0	37.0	37.0
8	36.68112662324537	37.0	37.0	37.0	37.0	37.0
9	36.689402252163205	37.0	37.0	37.0	37.0	37.0
10-14	36.67800619540475	37.0	37.0	37.0	37.0	37.0
15-19	36.66431291700154	37.0	37.0	37.0	37.0	37.0
20-24	36.648875161299145	37.0	37.0	37.0	37.0	37.0
25-29	36.61225974228508	37.0	37.0	37.0	37.0	37.0
30-34	36.588662843676914	37.0	37.0	37.0	37.0	37.0
35-39	36.58436499587161	37.0	37.0	37.0	37.0	37.0
40-44	36.54536974153018	37.0	37.0	37.0	37.0	37.0
45-49	36.524568539919436	37.0	37.0	37.0	37.0	37.0
50-54	36.511752926410956	37.0	37.0	37.0	37.0	37.0
55-59	36.48617732903665	37.0	37.0	37.0	37.0	37.0
60-64	36.45693149664803	37.0	37.0	37.0	37.0	37.0
65-69	36.43415469044106	37.0	37.0	37.0	37.0	37.0
70-74	36.4096033745161	37.0	37.0	37.0	37.0	37.0
75-79	36.397605596561846	37.0	37.0	37.0	37.0	37.0
80-84	36.370816221090934	37.0	37.0	37.0	37.0	37.0
85-89	36.33950082731431	37.0	37.0	37.0	37.0	37.0
90-94	36.2969039722731	37.0	37.0	37.0	37.0	37.0
95-99	36.27750874708098	37.0	37.0	37.0	37.0	37.0
100-104	36.24087053064164	37.0	37.0	37.0	37.0	37.0
105-109	36.20826312140646	37.0	37.0	37.0	37.0	37.0
110-114	36.18003866600326	37.0	37.0	37.0	37.0	37.0
115-119	36.13558351661766	37.0	37.0	37.0	37.0	37.0
120-124	36.10733736931711	37.0	37.0	37.0	37.0	37.0
125-129	36.07734145257475	37.0	37.0	37.0	37.0	37.0
130-134	36.01232908309082	37.0	37.0	37.0	37.0	37.0
135-139	35.9683908367041	37.0	37.0	37.0	37.0	37.0
140-144	35.888464254225894	37.0	37.0	37.0	37.0	37.0
145-149	35.86872577896219	37.0	37.0	37.0	37.0	37.0
150	35.80930585012678	37.0	37.0	37.0	37.0	37.0
>>END_MODULE
>>Per sequence quality scores	pass
#Quality	Count
13	9.0
14	128.0
15	522.0
16	1298.0
17	2135.0
18	3169.0
19	4540.0
20	6383.0
21	8526.0
22	11632.0
23	15658.0
24	21336.0
25	29720.0
26	41693.0
27	59243.0
28	82789.0
29	115635.0
30	153729.0
31	206606.0
32	276460.0
33	389486.0
34	647443.0
35	1747360.0
36	2.2470637E7
37	4277491.0
>>END_MODULE
>>Per base sequence content	fail
#Base	G	A	T	C
1	30.420477753863278	12.88777589949818	17.944184070062434	38.74756227657611
2	25.583440191589794	22.10102786759513	32.8169960701374	19.49853587067767
3	27.436840888295816	24.970465731302248	21.66895693470713	25.923736445694807
4	28.916329458839495	31.19594769714605	17.849687318757198	22.038035525257257
5	28.38894029848208	30.751123157513398	20.238484618181396	20.62145192582313
6	22.51098010908869	33.173791553444204	21.0234106693598	23.291817668107306
7	20.16438615497981	15.96284587945929	38.79205541273636	25.08071255282454
8	22.415418237138613	19.818639681827584	27.120982630380734	30.644959450653065
9	23.637572283715684	19.43810255781929	28.2050553251427	28.71926983332233
10-14	25.24105619211417	25.678763144023662	24.18703407691232	24.89314658694984
15-19	25.31979587113443	24.185664848149525	25.10450509831545	25.390034182400594
20-24	25.296695420490284	24.9641316676511	24.74387843802606	24.995294473832555
25-29	25.257948451521685	24.9093702585771	24.713298009644127	25.11938328025709
30-34	25.166980510131147	24.98757949171096	24.75839766219436	25.087042335963535
35-39	25.25561899294385	24.91628602271212	24.659984742406102	25.168110241937917
40-44	25.278795227090917	24.86367398846399	24.699626695199846	25.157904089245243
45-49	25.303485271328015	24.825978276033958	24.621373819802216	25.249162632835816
50-54	25.222948352743746	24.873638810546133	24.691481822176943	25.211931014533178
55-59	25.32103288494254	24.82108829217128	24.57707799676244	25.280800826123745
60-64	25.19902315812831	24.826011489379017	24.648015603512935	25.326949748979743
65-69	25.31343483344535	24.879222707884065	24.608694787546966	25.198647671123624
70-74	25.30358974734696	24.846554030159588	24.578845533150336	25.271010689343115
75-79	25.270635202338433	24.82433815182156	24.616457686997435	25.288568958842568
80-84	25.26092421874172	24.852075782435765	24.614610343267078	25.272389655555433
85-89	25.34176447754254	24.87969958946318	24.544404085769607	25.234131847224674
90-94	25.30158213477314	24.85213465670479	24.568598139546932	25.27768506897513
95-99	25.330161013275887	24.908988884145515	24.583713781040313	25.177136321538292
100-104	25.39752756853063	24.874270073541812	24.495058290105444	25.23314406782211
105-109	25.327970890468087	24.884764084916583	24.569820761867057	25.217444262748273
110-114	25.35431058427217	24.929017256309915	24.48798683623677	25.228685323181143
115-119	25.386067364985276	24.93589573340789	24.47961099022988	25.198425911376955
120-124	25.408728725292267	24.937694669405932	24.418031121461933	25.235545483839868
125-129	25.366822674757472	25.019825583015532	24.44671008622202	25.166641656004973
130-134	25.443637241873944	25.014923318881227	24.309558551572614	25.231880887672215
135-139	25.359366575664495	25.001181410331807	24.39158937892487	25.24786263507883
140-144	25.43881838869523	25.065664108501146	24.28436853204819	25.21114897075544
145-149	25.414759412916254	25.088440926932194	24.301429323337093	25.19537033681446
150	25.322097855053382	25.086777401752908	24.376043955267594	25.21508078792612
>>END_MODULE
>>Per sequence GC content	pass
#GC Content	Count
0	838.0
1	614.5
2	327.5
3	230.0
4	177.5
5	167.0
6	152.0
7	157.5
8	182.5
9	181.5
10	219.0
11	318.0
12	389.0
13	476.0
14	634.0
15	851.5
16	1304.0
17	2201.0
18	3241.5
19	4768.0
20	7240.0
21	10821.5
22	15971.5
23	23725.0
24	34639.5
25	47162.5
26	61649.5
27	79756.5
28	100689.5
29	124269.0
30	150537.0
31	180386.0
32	216495.0
33	257123.5
34	302369.5
35	350964.5
36	408467.0
37	464443.0
38	520022.5
39	589033.0
40	655814.0
41	712071.5
42	770666.0
43	835446.5
44	903602.5
45	964873.5
46	1014348.0
47	1067502.0
48	1117393.0
49	1150188.5
50	1188590.5
51	1233798.5
52	1256225.5
53	1262515.5
54	1253413.0
55	1225893.5
56	1181841.5
57	1117977.0
58	1041996.5
59	954657.5
60	851422.0
61	742410.0
62	634280.5
63	531884.0
64	440238.0
65	358930.5
66	291890.5
67	243073.5
68	209318.5
69	177221.5
70	150060.5
71	131606.0
72	118792.0
73	109711.5
74	99399.5
75	88034.5
76	78258.5
77	71329.0
78	64700.0
79	57007.0
80	48845.0
81	41987.0
82	36269.0
83	30649.5
84	25712.0
85	20566.5
86	14859.5
87	10490.0
88	7615.5
89	5307.0
90	3385.5
91	2218.5
92	1503.5
93	961.5
94	642.5
95	475.5
96	344.5
97	235.5
98	207.0
99	137.5
100	52.5
>>END_MODULE
>>Per base N content	pass
#Base	N-Count
1	0.06044424953427182
2	0.021770396369053747
3	0.004955250976429752
4	0.0
5	0.0
6	0.0035062897998235604
7	2.2895549066012054E-5
8	5.233268357945612E-5
9	1.9624756342296048E-5
10-14	0.0011173027944213882
15-19	0.0
20-24	4.579109813202411E-6
25-29	0.0
30-34	0.0
35-39	0.0
40-44	1.8316439252809644E-5
45-49	8.50406108166162E-6
50-54	0.0
55-59	0.0
60-64	0.0
65-69	0.0
70-74	0.0
75-79	0.0
80-84	0.0
85-89	0.0
90-94	0.0
95-99	0.0
100-104	0.0
105-109	0.0
110-114	0.0
115-119	0.0
120-124	0.0
125-129	0.0
130-134	0.0
135-139	0.0
140-144	1.308317089486403E-6
145-149	0.0
150	0.0
>>END_MODULE
>>Sequence Length Distribution	pass
#Length	Count
150	3.0573628E7
>>END_MODULE
>>Sequence Duplication Levels	fail
#Total Deduplicated Percentage	48.69191819856292
#Duplication Level	Percentage of deduplicated	Percentage of total
1	64.9388137614919	31.61995407586275
2	18.454284315864353	17.971490046421795
3	7.119653263794046	10.400087229683736
4	3.298402495530947	6.424221779933147
5	1.823603354612139	4.43973726846996
6	1.0818903546539882	3.1607589989175726
7	0.7090917782952325	2.4168927204817483
8	0.5022620981556145	1.9564883998105405
9	0.34280353868916735	1.502258567762775
>10	1.6081095061820232	13.386059087597072
>50	0.08178636188347163	2.7244530114580114
>100	0.037422959770722214	3.252140897334347
>500	0.001503913782915777	0.4785186896676895
>1k	3.722972935701191E-4	0.26693922659884844
>5k	0.0	0.0
>10k+	0.0	0.0
>>END_MODULE
>>Overrepresented sequences	pass
>>END_MODULE
>>Adapter Content	pass
#Position	Illumina Universal Adapter	Illumina Small RNA 3' Adapter	Illumina Small RNA 5' Adapter	Nextera Transposase Sequence	SOLID Small RNA Adapter
1	1.9624756342296048E-5	1.308317089486403E-5	0.0	1.308317089486403E-5	0.0
2	1.9624756342296048E-5	3.270792723716008E-5	0.0	5.560347630317213E-5	6.541585447432015E-6
3	4.906189085574012E-5	3.270792723716008E-5	0.0	8.17698180929002E-5	2.2895549066012054E-5
4	1.1774853805377628E-4	3.9249512684592096E-5	0.0	1.0139457443519624E-4	2.943713451344407E-5
5	1.242901235012083E-4	3.9249512684592096E-5	0.0	1.2101933077749228E-4	3.5978719960876087E-5
6	1.4718567256722035E-4	3.9249512684592096E-5	0.0	1.5372725801465235E-4	4.25203054083081E-5
7	1.7989359980438043E-4	6.214506175060415E-5	0.0	1.635396361858004E-4	4.25203054083081E-5
8	2.2241390521268853E-4	7.195743992175217E-5	0.0	2.3549707610755256E-4	4.906189085574012E-5
9	2.4203866155498457E-4	7.522823264546818E-5	0.0	2.485802470024166E-4	7.522823264546818E-5
10-11	3.5161021779947087E-4	8.17698180929002E-5	0.0	2.567572288117066E-4	7.686362900732619E-5
12-13	4.399216213398031E-4	9.975917807333824E-5	0.0	2.894651560488667E-4	8.17698180929002E-5
14-15	5.184206467089873E-4	1.1611314169191828E-4	0.0	3.270792723716008E-4	9.321759262590623E-5
16-17	6.034612575256035E-4	1.308317089486403E-4	0.0	3.5488101052318685E-4	9.975917807333824E-5
18-19	7.212097955793797E-4	1.3900869075793033E-4	0.0	3.8431814503663096E-4	1.1120695260634426E-4
20-21	9.305405298972042E-4	1.4391487984350435E-4	0.0	4.677233594913891E-4	1.2265472713935029E-4
22-23	0.0011447774533006028	1.4391487984350435E-4	0.0	5.936488793544554E-4	1.242901235012083E-4
24-25	0.001314858674933835	1.5372725801465238E-4	3.2707927237160076E-6	8.58583089975452E-4	1.242901235012083E-4
26-27	0.0014963876711000736	1.733520143569484E-4	3.2707927237160076E-6	9.027387917456182E-4	1.3737329439607234E-4
28-29	0.0016631981000095899	2.1587231976525652E-4	3.2707927237160076E-6	9.370821153446363E-4	1.586334471002264E-4
30-31	0.0019150491397357224	2.240493015745465E-4	3.2707927237160076E-6	9.894147989240923E-4	1.635396361858004E-4
32-33	0.002201243503060873	2.469448506405586E-4	3.2707927237160076E-6	0.0011120695260634426	1.8970597797552844E-4
34-35	0.002464542317320012	2.7147579606842865E-4	3.2707927237160076E-6	0.0011693083987284727	2.0278914887039248E-4
36-37	0.0027703614369874586	2.894651560488667E-4	3.2707927237160076E-6	0.001213464100498639	2.0605994159410848E-4
38-39	0.003081086745740479	2.943713451344407E-4	3.2707927237160076E-6	0.001267432180439953	2.2077850885083054E-4
40-41	0.00334275016363776	2.9764213785815673E-4	3.2707927237160076E-6	0.0013279418458286992	2.3059088702197855E-4
42-43	0.0036943603814372306	3.1236070511487873E-4	3.2707927237160076E-6	0.0013639205657895751	2.485802470024166E-4
44-45	0.00408031392283572	3.1726689420045275E-4	3.2707927237160076E-6	0.0014162532493690314	2.6166341789728067E-4
46-47	0.004467902860596067	3.2380847964788475E-4	3.2707927237160076E-6	0.0015372725801465236	2.7638198515400267E-4
48-49	0.004989594300028769	3.2544387600974274E-4	3.2707927237160076E-6	0.0015438141655939558	3.025483269437307E-4
50-51	0.00562085729570596	3.336208578190328E-4	3.2707927237160076E-6	0.0015716159037455417	3.058191196674467E-4
52-53	0.0064320138911875295	3.5651640688504484E-4	3.2707927237160076E-6	0.0015879698673641218	3.1236070511487873E-4
54-55	0.007225181126688661	3.761411632273409E-4	3.2707927237160076E-6	0.001627219380048714	3.434332359901808E-4
56-57	0.008106659765730126	3.908597304840629E-4	3.2707927237160076E-6	0.001673010478180738	3.5324561416132886E-4
58-59	0.009467309538795984	4.0557829774078496E-4	3.2707927237160076E-6	0.001689364441799318	3.5324561416132886E-4
60-61	0.01163420971825784	4.07213694102643E-4	3.2707927237160076E-6	0.0017809466380633663	3.630579923324769E-4
62-63	0.014139636944624301	4.1375527955007495E-4	3.2707927237160076E-6	0.0018839766088604203	3.95765919569637E-4
64-65	0.016849488716223014	4.3010924316865505E-4	3.2707927237160076E-6	0.0019117783470120066	4.17026072273791E-4
66-67	0.01974414027671168	4.644525667676731E-4	3.2707927237160076E-6	0.0019281323106305867	4.3828622497794504E-4
68-69	0.02389641163946915	4.857127194718272E-4	3.2707927237160076E-6	0.0019608402378677465	4.4973399951095107E-4
70-71	0.029427322135272924	4.971604940048332E-4	3.2707927237160076E-6	0.002000089750552339	4.7099415221510513E-4
72-73	0.036284539080543535	5.069728721759812E-4	3.2707927237160076E-6	0.0020213499032564926	4.791711340243951E-4
74-75	0.04432578299179934	5.167852503471292E-4	3.2707927237160076E-6	0.0020540578304936528	4.8244192674811115E-4
76-77	0.053150381760385126	5.233268357945612E-4	3.2707927237160076E-6	0.002103119721349393	4.938897012811171E-4
78-79	0.0642694416246577	5.331392139657093E-4	3.2707927237160076E-6	0.002145640026757701	5.184206467089873E-4
80-81	0.0781948416458786	5.331392139657093E-4	3.2707927237160076E-6	0.002381137102865254	5.347746103275674E-4
82-83	0.09530108759091332	5.380454030512833E-4	3.2707927237160076E-6	0.0024972502445571717	5.478577812224313E-4
84-85	0.11488495902416292	5.642117448410114E-4	3.2707927237160076E-6	0.002546312135412912	5.527639703080053E-4
86-87	0.1363462654808255	5.674825375647273E-4	3.2707927237160076E-6	0.002575749269926356	5.560347630317213E-4
88-89	0.16170308607143385	5.707533302884433E-4	3.2707927237160076E-6	0.0025822908553737884	5.625763484791534E-4
90-91	0.19118437628664808	5.920134829925975E-4	3.2707927237160076E-6	0.002634623538953244	5.658471412028693E-4
92-93	0.22537724342037524	6.149090320586095E-4	3.2707927237160076E-6	0.0026575190880192565	5.691179339265853E-4
94-95	0.26361117496425346	6.279922029534735E-4	3.2707927237160076E-6	0.0026771438443615523	5.805657084595913E-4
96-97	0.30584855680196016	6.427107702101954E-4	3.2707927237160076E-6	0.0027131225643224283	6.001904648018874E-4
98-99	0.352737005892791	6.525231483813436E-4	3.2707927237160076E-6	0.0027376535097502984	6.100028429730355E-4
100-101	0.4049911904468779	6.737833010854976E-4	3.2707927237160076E-6	0.0027605490588163105	6.198152211441835E-4
102-103	0.4638769072482991	6.786894901710716E-4	3.2707927237160076E-6	0.0027719968333493163	6.296275993153315E-4
104-105	0.5282493788437539	6.868664719803616E-4	3.2707927237160076E-6	0.0027997985715009026	6.345337884009055E-4
106-107	0.5971993248560491	6.868664719803616E-4	3.2707927237160076E-6	0.002827600309652489	6.459815629339116E-4
108-109	0.6713727268481189	7.244805883030957E-4	3.2707927237160076E-6	0.0028439542732710686	6.623355265524915E-4
110-111	0.754928397768168	7.457407410072499E-4	3.2707927237160076E-6	0.0028603082368896487	6.705125083617816E-4
112-113	0.8458384461274926	7.490115337309658E-4	3.2707927237160076E-6	0.0028750268041463707	6.819602828947876E-4
114-115	0.9421453024809486	7.588239119021138E-4	3.2707927237160076E-6	0.0028750268041463707	6.835956792566457E-4
116-117	1.0470870516250148	7.637301009876878E-4	3.2707927237160076E-6	0.002876662200508229	6.950434537896517E-4
118-119	1.1604396442581169	7.800840646062679E-4	3.2707927237160076E-6	0.002902828542297957	7.163036064938056E-4
120-121	1.2837567069240197	7.898964427774159E-4	3.2707927237160076E-6	0.002933901073173259	7.244805883030957E-4
122-123	1.4177071167347233	8.1933357729086E-4	3.2707927237160076E-6	0.002943713451344407	7.277513810268117E-4
124-125	1.5636351694996748	8.34052144547582E-4	3.2707927237160076E-6	0.002955161225877413	7.342929664742437E-4
126-127	1.7173738752888599	8.5204150452802E-4	3.2707927237160076E-6	0.002960067414962987	7.359283628361017E-4
128-129	1.8802642591190029	8.602184863373101E-4	3.2707927237160076E-6	0.0029698797931341347	7.539177228165398E-4
130-131	2.057305727668303	8.66760071784742E-4	3.2707927237160076E-6	0.002999316927647579	7.980734245867059E-4
132-133	2.2501811037931123	8.863848281270381E-4	3.2707927237160076E-6	0.0030124000985424434	8.20968973652718E-4
134-135	2.4582803846504575	8.978326026600441E-4	3.2707927237160076E-6	0.0030271186657991654	8.275105591001499E-4
136-137	2.678103822025963	9.174573590023402E-4	3.2707927237160076E-6	0.0030467434221414613	8.42229126356872E-4
138	2.8503061527405253	9.256343408116302E-4	3.2707927237160076E-6	0.003051649611227035	8.602184863373101E-4
>>END_MODULE
>>Kmer Content	fail
#Sequence	Count	PValue	Obs/Exp Max	Max Obs/Exp Position
CGCGAGT	3915	0.0	13.069126	1
TCGACCG	3935	0.0	11.527852	7
GATCGTA	5260	0.0	10.814365	5
ATCGTAC	5335	0.0	9.717572	6
CGGGAAT	9875	0.0	9.486941	1
CGCGAAT	1385	5.358743E-9	9.365752	1
CGTACTA	4915	0.0	9.082821	8
ATCGACC	8600	0.0	9.042426	6
CTCGGGT	16040	0.0	9.030497	1
CTCGGAT	15445	0.0	8.58519	1
CGGGGAT	18065	0.0	8.297462	1
CCCGTAT	4480	0.0	8.203744	1
GGAAAAT	40905	0.0	8.139272	1
CGGAAAT	8295	0.0	8.079538	1
CGCGGTT	5090	0.0	7.9284844	1
AATCGAG	7450	0.0	7.9253287	5
CAATCGA	4825	0.0	7.9090576	4
CGGGTAT	4615	0.0	7.8076124	1
GGCGAAT	7885	0.0	7.7685003	1
CGCGGAT	4655	0.0	7.740522	1
>>END_MODULE
