##FastQC	0.11.5
>>Basic Statistics	pass
#Measure	Value
Filename	MTMUT4_2.fq
File type	Conventional base calls
Encoding	Sanger / Illumina 1.9
Total Sequences	39178254
Sequences flagged as poor quality	0
Sequence length	150
%GC	50
>>END_MODULE
>>Per base sequence quality	pass
#Base	Mean	Median	Lower Quartile	Upper Quartile	10th Percentile	90th Percentile
1	36.6131964175841	37.0	37.0	37.0	37.0	37.0
2	36.62968885749733	37.0	37.0	37.0	37.0	37.0
3	36.642111361062696	37.0	37.0	37.0	37.0	37.0
4	36.626928959110835	37.0	37.0	37.0	37.0	37.0
5	36.624116888925165	37.0	37.0	37.0	37.0	37.0
6	36.59288446085423	37.0	37.0	37.0	37.0	37.0
7	36.571918850697124	37.0	37.0	37.0	37.0	37.0
8	36.62569837849333	37.0	37.0	37.0	37.0	37.0
9	36.62523786792541	37.0	37.0	37.0	37.0	37.0
10-14	36.61649995939074	37.0	37.0	37.0	37.0	37.0
15-19	36.60792551909026	37.0	37.0	37.0	37.0	37.0
20-24	36.581093409624636	37.0	37.0	37.0	37.0	37.0
25-29	36.54156513457695	37.0	37.0	37.0	37.0	37.0
30-34	36.51603386409205	37.0	37.0	37.0	37.0	37.0
35-39	36.49185316936278	37.0	37.0	37.0	37.0	37.0
40-44	36.449664857448724	37.0	37.0	37.0	37.0	37.0
45-49	36.42336559970232	37.0	37.0	37.0	37.0	37.0
50-54	36.382077292163146	37.0	37.0	37.0	37.0	37.0
55-59	36.36330677217009	37.0	37.0	37.0	37.0	37.0
60-64	36.331468130254095	37.0	37.0	37.0	37.0	37.0
65-69	36.28022271232403	37.0	37.0	37.0	37.0	37.0
70-74	36.2504628817813	37.0	37.0	37.0	37.0	37.0
75-79	36.203622917958526	37.0	37.0	37.0	37.0	37.0
80-84	36.17091030651851	37.0	37.0	37.0	37.0	37.0
85-89	36.12966060202683	37.0	37.0	37.0	37.0	37.0
90-94	36.09227158515027	37.0	37.0	37.0	37.0	37.0
95-99	36.03469116311309	37.0	37.0	37.0	37.0	37.0
100-104	35.978518680286264	37.0	37.0	37.0	37.0	37.0
105-109	35.95820234357559	37.0	37.0	37.0	37.0	37.0
110-114	35.89587995422154	37.0	37.0	37.0	37.0	37.0
115-119	35.82574995812728	37.0	37.0	37.0	37.0	37.0
120-124	35.7967738429589	37.0	37.0	37.0	37.0	37.0
125-129	35.74476718640908	37.0	37.0	37.0	37.0	37.0
130-134	35.62851222517471	37.0	37.0	37.0	37.0	37.0
135-139	35.61232477588205	37.0	37.0	37.0	37.0	37.0
140-144	35.56180072751583	37.0	37.0	37.0	37.0	37.0
145-149	35.38336841146622	37.0	37.0	37.0	37.0	37.0
150	35.27323195668699	37.0	37.0	37.0	37.0	37.0
>>END_MODULE
>>Per sequence quality scores	pass
#Quality	Count
11	2.0
12	133.0
13	714.0
14	1397.0
15	1990.0
16	3012.0
17	4253.0
18	5808.0
19	8593.0
20	12347.0
21	17116.0
22	23387.0
23	30890.0
24	39655.0
25	50046.0
26	63837.0
27	81283.0
28	105072.0
29	136745.0
30	180398.0
31	244330.0
32	347448.0
33	553203.0
34	1147520.0
35	4335681.0
36	2.9370756E7
37	2412638.0
>>END_MODULE
>>Per base sequence content	fail
#Base	G	A	T	C
1	28.13125067783143	13.01826362795011	19.144027128725067	39.70645856549339
2	26.821884364541404	23.05866760039498	31.180480551873046	18.938967483190567
3	27.519442290613565	25.496850880593097	21.617464116701065	25.366242712092273
4	28.972133367658497	30.918052141884626	17.650232703070433	22.459581787386444
5	28.095537386632902	31.03184485965097	20.33854545942757	20.53407229428856
6	22.481371936585028	32.965175017753474	21.191347628712602	23.362105416948904
7	20.205088771949868	16.306173317473515	38.715145396729525	24.773592513847095
8	21.946850923984513	19.85548156382875	27.783976794882182	30.413690717304554
9	23.454085013589427	19.887649919263886	28.454808118809993	28.203456948336697
10-14	25.089827637546076	25.830066342415357	24.435982777588812	24.64412324244975
15-19	25.149860940714714	24.30928443110303	25.36640198412109	25.17445264406117
20-24	25.141464956554728	25.133608046953803	24.98400107365683	24.74092592283464
25-29	25.104849236007304	25.05470764470515	24.945802842566696	24.894640276720857
30-34	25.01503576609489	25.157854294961385	24.97396348726124	24.853146451682484
35-39	25.098605466185397	25.050171454807558	24.877100955034905	24.97412212397214
40-44	25.11360154724209	25.031777068887884	24.91751980070494	24.937101583165084
45-49	25.14939398544763	24.982119033155605	24.82560106958936	25.042885911807407
50-54	25.05239276358955	25.04309880062546	24.909325154863733	24.995183280921257
55-59	25.175544262472275	24.949240571524825	24.793763443974736	25.08145172202816
60-64	25.019121196169415	24.98117514172366	24.88888260649152	25.110821055615407
65-69	25.175317053306518	24.98729765241075	24.815054886020643	25.02233040826209
70-74	25.14486531227247	24.98830703379482	24.799436952958647	25.06739070097407
75-79	25.134998134117552	24.92195439115788	24.83269669260225	25.11035078212232
80-84	25.115419612655092	24.96694783496061	24.823955121881724	25.093677430502577
85-89	25.220542502390074	24.983871920047726	24.728285231461008	25.06730034610119
90-94	25.13856490665764	24.96002654125966	24.786504224819048	25.114904327263655
95-99	25.218324430690558	25.001855365989513	24.777073016066513	25.002747187253423
100-104	25.261865040039126	24.950450956545694	24.70721449050391	25.080469512911268
105-109	25.23236895651348	24.975843997540064	24.782191161454005	25.00959588449245
110-114	25.25626180278478	24.98663110408136	24.70354089796855	25.053566195165306
115-119	25.301526709179022	25.019573358220608	24.722798519811526	24.95610141278884
120-124	25.363696912067596	24.97371781805284	24.641557533421473	25.021027736458084
125-129	25.369422026821308	25.08208814001767	24.688704606387002	24.85978522677402
130-134	25.516777751249453	25.008541217788828	24.55040339469952	24.9242776362622
135-139	25.482616453505045	25.05508693674813	24.636944770433107	24.82535183931372
140-144	25.654387763170867	25.06511903261437	24.500980058988848	24.77951314522592
145-149	25.671617745591636	25.112609921207813	24.5651409271298	24.65063140607075
150	25.66416904730358	25.127169440812825	24.576915027910516	24.631746483973078
>>END_MODULE
>>Per sequence GC content	pass
#GC Content	Count
0	2448.0
1	1765.5
2	909.5
3	647.0
4	526.0
5	505.5
6	551.5
7	607.5
8	668.5
9	719.0
10	803.5
11	960.5
12	1103.5
13	1279.5
14	1595.0
15	2120.0
16	2870.0
17	4131.5
18	5967.5
19	8645.0
20	12827.0
21	18771.0
22	26962.0
23	39336.5
24	56290.0
25	74743.5
26	96594.0
27	122877.0
28	151367.0
29	183367.0
30	216898.0
31	254396.0
32	299156.0
33	350032.5
34	410612.5
35	475643.5
36	550158.0
37	620080.0
38	691381.0
39	779488.5
40	864573.5
41	938229.5
42	1010913.5
43	1089594.5
44	1169919.5
45	1243582.5
46	1305071.5
47	1370146.0
48	1429886.5
49	1469791.5
50	1515962.5
51	1563062.5
52	1579920.0
53	1583209.5
54	1570479.5
55	1530893.5
56	1471179.0
57	1393748.5
58	1302720.5
59	1190537.5
60	1060039.5
61	930418.0
62	801486.0
63	672286.0
64	556684.0
65	453353.0
66	367709.5
67	308564.0
68	264230.5
69	223616.5
70	189348.5
71	163208.5
72	145366.0
73	132321.5
74	119013.0
75	105806.0
76	93952.0
77	84472.5
78	76410.5
79	67594.5
80	58145.5
81	50082.0
82	42477.0
83	35783.5
84	30571.0
85	24465.5
86	17572.0
87	12237.5
88	8861.5
89	6327.0
90	4057.5
91	2655.0
92	1777.5
93	1189.5
94	868.5
95	665.5
96	503.5
97	361.5
98	271.0
99	242.5
100	692.0
>>END_MODULE
>>Per base N content	pass
#Base	N-Count
1	7.65730907763271E-6
2	0.001398735124847575
3	0.0
4	0.0
5	0.0
6	0.0
7	0.0
8	0.0
9	0.0
10-14	0.0
15-19	0.0
20-24	0.0
25-29	0.0
30-34	1.0720232708685793E-5
35-39	0.0
40-44	6.125847262106168E-6
45-49	8.678283621317071E-6
50-54	3.4100549759057667E-4
55-59	3.930751993184791E-5
60-64	1.0720232708685793E-5
65-69	1.608034906302869E-4
70-74	0.0
75-79	2.2461439961055947E-5
80-84	8.627234894132853E-5
85-89	2.0419490873687225E-6
90-94	2.0419490873687227E-5
95-99	0.0
100-104	5.104872718421806E-7
105-109	0.0
110-114	0.0
115-119	0.0
120-124	0.0
125-129	0.0
130-134	0.0
135-139	0.0
140-144	0.0
145-149	0.01575516867086522
150	3.318167266974174E-5
>>END_MODULE
>>Sequence Length Distribution	pass
#Length	Count
150	3.9178254E7
>>END_MODULE
>>Sequence Duplication Levels	fail
#Total Deduplicated Percentage	46.33750187603995
#Duplication Level	Percentage of deduplicated	Percentage of total
1	62.46892754364095	28.946540472476663
2	19.197960643695122	17.791710746867277
3	7.779290387760667	10.814186488113583
4	3.7564633684649116	6.962605135340729
5	1.993602373478745	4.618927686057453
6	1.1828371902245192	3.288583231264709
7	0.7954519188347947	2.5801478346914815
8	0.5574312078540594	2.066397571176056
9	0.3950937256799449	1.6476890629415455
>10	1.7418505096907386	13.689547567556556
>50	0.08409526212375171	2.686035053768158
>100	0.044061402767553735	3.713744797737099
>500	0.0022963747036455107	0.7075128690393243
>1k	6.318373944660396E-4	0.4696134946134944
>5k	6.25368605817839E-6	0.01675798835606734
>10k+	0.0	0.0
>>END_MODULE
>>Overrepresented sequences	pass
>>END_MODULE
>>Adapter Content	pass
#Position	Illumina Universal Adapter	Illumina Small RNA 3' Adapter	Illumina Small RNA 5' Adapter	Nextera Transposase Sequence	SOLID Small RNA Adapter
1	1.786705451447632E-5	1.0209745436843612E-5	0.0	1.2762181796054516E-5	5.104872718421806E-6
2	1.786705451447632E-5	3.8286545388163544E-5	0.0	5.3601163543428966E-5	1.0209745436843612E-5
3	5.1048727184218064E-5	4.083898174737445E-5	0.0	7.146821805790528E-5	1.786705451447632E-5
4	1.0720232708685793E-4	4.083898174737445E-5	0.0	9.699258165001432E-5	3.573410902895264E-5
5	1.2762181796054515E-4	4.083898174737445E-5	0.0	1.1996450888291244E-4	3.8286545388163544E-5
6	1.4293643611581057E-4	4.594385446579626E-5	0.0	1.761181087855523E-4	3.8286545388163544E-5
7	1.735656724263414E-4	4.849629082500716E-5	0.0	1.8377541786318503E-4	3.8286545388163544E-5
8	2.1950952689213767E-4	6.381090898027258E-5	0.0	2.5779607228030123E-4	3.8286545388163544E-5
9	2.450338904842467E-4	6.636334533948348E-5	0.0	2.6800581771714484E-4	4.083898174737445E-5
10-11	3.2288319944017926E-4	8.805905439277615E-5	0.0	2.999112722072811E-4	4.21151999269799E-5
12-13	4.083898174737445E-4	1.1485963616449064E-4	0.0	3.433026903138665E-4	4.849629082500716E-5
14-15	4.977250900461261E-4	1.2506938160133425E-4	0.0	3.8031301752242455E-4	5.742981808224532E-5
16-17	5.998225444145622E-4	1.4548887247502147E-4	0.0	3.9945629021650634E-4	5.998225444145622E-5
18-19	7.23615707836291E-4	1.6207970880989232E-4	0.0	4.3008552652703717E-4	6.381090898027258E-5
20-21	9.329154892915851E-4	1.6973701788752506E-4	0.0	5.00277526405337E-4	7.274443623751073E-5
22-23	0.0011715682888778045	1.863278542223959E-4	0.0	5.985463262349567E-4	8.16779634947489E-5
24-25	0.001410221088464024	2.2716683596977038E-4	0.0	7.887028349961691E-4	8.67828362131707E-5
26-27	0.0017331042879042032	2.37376581406614E-4	0.0	8.384753440007816E-4	1.0209745436843613E-4
28-29	0.0020789594145772805	2.5907229045990667E-4	0.0	8.627234894132852E-4	1.1996450888291244E-4
30-31	0.0024937303229490525	2.6672959953753935E-4	0.0	8.933527257238161E-4	1.2251694524212335E-4
32-33	0.0029608261766846476	2.718344722559612E-4	0.0	9.992788346310686E-4	1.365553452177833E-4
34-35	0.0034100549759057664	2.897015267704375E-4	0.0	0.0010528799981744975	1.4038399975659966E-4
36-37	0.0039562763567769	3.1650210854215196E-4	0.0	0.001093718979921872	1.4804130883423237E-4
38-39	0.004513983701264482	3.292642903382065E-4	0.0	0.0011498725798245119	1.5569861791186508E-4
40-41	0.005107425154781017	3.381978175954446E-4	0.0	0.00118688290703307	1.633559269894978E-4
42-43	0.005671513590166627	3.5095999939149916E-4	0.0	0.0011996450888291244	1.761181087855523E-4
44-45	0.006263678825503556	3.6882705390597545E-4	0.0	0.001237931634217288	1.812229815039741E-4
46-47	0.006904340351665493	3.777605811632137E-4	0.0	0.0012902565795811114	1.812229815039741E-4
48-49	0.0075335159142109805	3.841416720612409E-4	0.0	0.0012953614522995334	2.0291869055726682E-4
50-51	0.008225226167557135	3.9562763567769E-4	0.0	0.0013093998522751933	2.0802356327568862E-4
52-53	0.009054767984300677	4.0456116293492814E-4	0.0	0.0013196095977120368	2.1185221781450496E-4
54-55	0.009916215255534358	4.185995629105881E-4	0.0	0.0013489626158429621	2.2971927232898128E-4
56-57	0.010854235617544365	4.4412392650269714E-4	0.0	0.001379591852153493	2.4375767230464126E-4
58-59	0.01202325147006296	4.568861082987517E-4	0.0	0.0013949064703087585	2.5396741774148487E-4
60-61	0.013462825576657908	4.645434173763843E-4	0.0	0.0014599935974686366	2.641771631783285E-4
62-63	0.015030021501213402	4.74753162813228E-4	0.0	0.0015314618155265417	2.8332043587241026E-4
64-65	0.016643161280234693	4.86239126429677E-4	0.0	0.0015531575245798343	2.9353018130925387E-4
66-67	0.0184936776406626	5.155921445606025E-4	0.0	0.001560814833657467	3.062923631053084E-4
68-69	0.02093125436370901	5.398402899731061E-4	0.0	0.001593996506327209	3.1267345400333565E-4
70-71	0.02399800664930091	5.65364653565215E-4	0.0	0.0016105873426620798	3.2033076308096833E-4
72-73	0.027515263952293534	5.755743990020586E-4	0.0	0.0016322830517153724	3.292642903382065E-4
74-75	0.03141028183644937	5.90889017157324E-4	0.0	0.001659083633487087	3.318167266974174E-4
76-77	0.03547631295667234	6.023749807737731E-4	0.0	0.001684607997079196	3.343691630566283E-4
78-79	0.04080707629288431	6.18965817108644E-4	0.0	0.0017075799243120942	3.42026472134261E-4
80-81	0.04735024689972146	6.240706898270658E-4	0.0	0.001845411487709483	3.5606487210992097E-4
82-83	0.05518367408613972	6.317279989046985E-4	0.0	0.0019168797057673883	3.624459630079482E-4
84-85	0.06413762083425158	6.55976144317202E-4	0.0	0.0019679284329516063	3.688270539059755E-4
86-87	0.0745375227798564	6.687383261132565E-4	0.0	0.0020049387601601644	3.7137949026518644E-4
88-89	0.08652631635907002	6.763956351908892E-4	0.0	0.0020228058146746406	3.790367993428191E-4
90-91	0.10046006644400232	7.019199987829984E-4	0.0	0.0020534350509851715	3.8031301752242455E-4
92-93	0.1174248347054976	7.274443623751074E-4	0.0	0.0020725783236792534	3.8158923570203005E-4
94-95	0.1366931767811807	7.440351987099783E-4	0.0	0.0020891691600141244	3.828654538816355E-4
96-97	0.1581310897621931	7.606260350448491E-4	0.0	0.0021606373780720294	4.2880930834743173E-4
98-99	0.182552800847123	7.682833441224818E-4	0.0	0.0021899903962029547	4.3519039924545897E-4
100-101	0.21049559788958436	7.874266168165637E-4	0.0	0.002210409887076642	4.415714901434862E-4
102-103	0.24270862096100554	8.103985440494617E-4	0.0	0.0022321055961299348	4.4795258104151346E-4
104-105	0.2787005260622385	8.244369440251218E-4	0.0	0.0022627348324404653	4.632671991967789E-4
106-107	0.3176111421402291	8.397515621803871E-4	0.0	0.0022971927232898126	4.977250900461261E-4
108-109	0.360936196901475	8.691045803113126E-4	0.0	0.0023022975960082345	5.079348354829697E-4
110-111	0.40880714081847547	8.729332348501288E-4	0.0	0.002322717086881922	5.130397082013915E-4
112-113	0.4628996483610526	8.754856712093397E-4	0.0	0.0023303743959595547	5.232494536382352E-4
114-115	0.5223241954580211	8.780381075685507E-4	0.0	0.00234568901411482	5.334591990750787E-4
116-117	0.5864567114195542	8.95905162083027E-4	0.0	0.0023558987595516633	5.411165081527114E-4
118-119	0.6565491662798448	8.95905162083027E-4	0.0	0.0023980139594786433	5.487738172303442E-4
120-121	0.7347941028714552	9.035624711606596E-4	0.0	0.0024120523594543036	5.51326253589555E-4
122-123	0.8217811339933627	9.329154892915851E-4	0.0	0.0024197096685319363	5.538786899487659E-4
124-125	0.9163195480839958	9.584398528836942E-4	0.0	0.0024337480685075958	5.589835626671878E-4
126-127	1.0174700485631647	9.660971619613268E-4	0.0	0.0024350242866872014	5.628122172060042E-4
128-129	1.1270780469185788	9.89069089194225E-4	0.0	0.002455443777560889	5.806792717204805E-4
130-131	1.247710017909425	9.992788346310684E-4	0.0	0.0024962827593082632	6.100322898514058E-4
132-133	1.3808514794967637	0.001012041016427123	0.0	0.0025281882137983993	6.317279989046984E-4
134-135	1.5287792049130111	0.0010196983255047558	0.0	0.002539674177414849	6.330042170843039E-4
136-137	1.6864572372214444	0.001026079416402783	0.0	0.0025817893773418285	6.355566534435148E-4
138	1.8092102828267946	0.0010337367254804157	0.0	0.002590722904599067	6.406615261619367E-4
>>END_MODULE
>>Kmer Content	fail
#Sequence	Count	PValue	Obs/Exp Max	Max Obs/Exp Position
GATCGTA	7270	0.0	14.063019	5
CGCGAGT	5200	0.0	13.0153	1
ATCGTAC	7885	0.0	12.966158	6
CGCGGTT	8240	0.0	11.883417	1
CGTACTA	7605	0.0	11.8341055	8
CGGGAAT	12075	0.0	11.030983	1
CGGGATT	12050	0.0	9.799106	1
GGATCGT	11990	0.0	9.427686	4
GGGATCG	15555	0.0	9.118446	3
CCGGGAT	19445	0.0	8.849518	1
CGGAAAT	11165	0.0	8.6412325	1
CGCGTTT	3245	0.0	8.431377	1
CGAGAAT	11940	0.0	8.321553	1
GTCGGTT	11725	0.0	8.16711	1
CGGGGAT	23440	0.0	8.139878	1
CGCAAAT	8305	0.0	8.06256	1
AATCGAA	9710	0.0	7.859796	5
CTCGCAT	9915	0.0	7.769994	1
CTCGGAT	19860	0.0	7.649496	1
CGCGTAT	1415	6.1378523E-6	7.6324587	1
>>END_MODULE
