##FastQC	0.11.5
>>Basic Statistics	pass
#Measure	Value
Filename	MTMUT3_2.fq
File type	Conventional base calls
Encoding	Sanger / Illumina 1.9
Total Sequences	36059408
Sequences flagged as poor quality	0
Sequence length	150
%GC	50
>>END_MODULE
>>Per base sequence quality	pass
#Base	Mean	Median	Lower Quartile	Upper Quartile	10th Percentile	90th Percentile
1	36.626575039723335	37.0	37.0	37.0	37.0	37.0
2	36.577199880818895	37.0	37.0	37.0	37.0	37.0
3	36.609283435823464	37.0	37.0	37.0	37.0	37.0
4	36.59371207647114	37.0	37.0	37.0	37.0	37.0
5	36.59599469852639	37.0	37.0	37.0	37.0	37.0
6	36.5593323661886	37.0	37.0	37.0	37.0	37.0
7	36.54006787909552	37.0	37.0	37.0	37.0	37.0
8	36.6006401990848	37.0	37.0	37.0	37.0	37.0
9	36.595394023107644	37.0	37.0	37.0	37.0	37.0
10-14	36.589547759630435	37.0	37.0	37.0	37.0	37.0
15-19	36.58031601628069	37.0	37.0	37.0	37.0	37.0
20-24	36.55476261839906	37.0	37.0	37.0	37.0	37.0
25-29	36.513113803754074	37.0	37.0	37.0	37.0	37.0
30-34	36.4880609742678	37.0	37.0	37.0	37.0	37.0
35-39	36.46247623366418	37.0	37.0	37.0	37.0	37.0
40-44	36.41949018131412	37.0	37.0	37.0	37.0	37.0
45-49	36.391976884368155	37.0	37.0	37.0	37.0	37.0
50-54	36.349791965525334	37.0	37.0	37.0	37.0	37.0
55-59	36.331015744906296	37.0	37.0	37.0	37.0	37.0
60-64	36.29841393402798	37.0	37.0	37.0	37.0	37.0
65-69	36.24565209168159	37.0	37.0	37.0	37.0	37.0
70-74	36.2159296125993	37.0	37.0	37.0	37.0	37.0
75-79	36.16887862939957	37.0	37.0	37.0	37.0	37.0
80-84	36.13446932905831	37.0	37.0	37.0	37.0	37.0
85-89	36.093592229800336	37.0	37.0	37.0	37.0	37.0
90-94	36.05497016479028	37.0	37.0	37.0	37.0	37.0
95-99	35.99810097825233	37.0	37.0	37.0	37.0	37.0
100-104	35.94122844723352	37.0	37.0	37.0	37.0	37.0
105-109	35.920855261961044	37.0	37.0	37.0	37.0	37.0
110-114	35.8570558784548	37.0	37.0	37.0	37.0	37.0
115-119	35.78760659631462	37.0	37.0	37.0	37.0	37.0
120-124	35.758086633036235	37.0	37.0	37.0	37.0	37.0
125-129	35.70736648810208	37.0	37.0	37.0	37.0	37.0
130-134	35.58711410902808	37.0	37.0	37.0	37.0	37.0
135-139	35.57404504255866	37.0	37.0	37.0	37.0	37.0
140-144	35.523086424491495	37.0	37.0	37.0	37.0	37.0
145-149	35.34344944875412	37.0	37.0	37.0	37.0	37.0
150	35.233066860110405	37.0	37.0	37.0	25.0	37.0
>>END_MODULE
>>Per sequence quality scores	pass
#Quality	Count
11	7.0
12	209.0
13	980.0
14	1574.0
15	2012.0
16	2753.0
17	3915.0
18	5674.0
19	8256.0
20	11922.0
21	17118.0
22	23704.0
23	31862.0
24	41327.0
25	52999.0
26	65894.0
27	83642.0
28	106016.0
29	135612.0
30	176047.0
31	236129.0
32	333509.0
33	527790.0
34	1096028.0
35	4139208.0
36	2.6865374E7
37	2089847.0
>>END_MODULE
>>Per base sequence content	fail
#Base	G	A	T	C
1	30.725815439918154	12.698596962273445	18.78738917487842	37.78819842292999
2	25.74400412214003	22.050942151932365	32.14984966280207	20.05520406312554
3	27.91947388598282	25.013591459959635	21.50379451598318	25.56314013807437
4	29.67263910710902	30.572803635600454	17.59490338831963	22.159653868970892
5	28.58445707150822	30.73887125379319	20.175275756052347	20.50139591864625
6	22.868484141503377	32.90156344219517	21.04314635448258	23.186806061818874
7	20.222922128948984	16.31096384056	38.67809199751699	24.78802203297403
8	22.31150328369229	19.95861107869547	27.395119742398432	30.33476589521381
9	23.73176786485236	19.849211057486023	28.149308496689684	28.269712580971934
10-14	25.233406494083322	25.696365286973098	24.375298119148265	24.694930099795315
15-19	25.302786446189025	24.241313667711907	25.259535042838195	25.196364843260877
20-24	25.25965151729612	24.999693838567733	24.909637451618728	24.831017192517415
25-29	25.2244052370466	24.940371178583966	24.86068268231137	24.97454090205807
30-34	25.13784655721813	25.02638604182007	24.890126449170424	24.945640951791383
35-39	25.21880392490082	24.929068719042753	24.791510720309105	25.06061663574732
40-44	25.234653055912165	24.910926709975715	24.83406077550893	25.020359458603185
45-49	25.264928102254373	24.862063451627574	24.74517799877236	25.127830447345694
50-54	25.17481740983384	24.916872162540436	24.814172387089567	25.094138040536162
55-59	25.285723179770486	24.832081625329543	24.71131476276848	25.170880432131487
60-64	25.136702340337592	24.86493967235388	24.79315423860326	25.20520374870527
65-69	25.264659909618008	24.86785189815083	24.735875596391047	25.131612595840114
70-74	25.247847108305272	24.879462247411272	24.705463273273924	25.16722737100953
75-79	25.25030769370283	24.814365319843517	24.74088933096195	25.194437655491708
80-84	25.225088179000043	24.841993397379397	24.742755416044435	25.19016300757613
85-89	25.319744298849766	24.869594363496976	24.6454076522322	25.165253685421057
90-94	25.240406091699402	24.865824731471424	24.690246114561234	25.20352306226794
95-99	25.329608849928988	24.88908636547777	24.676866020651254	25.104438763941992
100-104	25.379290893401752	24.854796422918515	24.618322212157906	25.14759047152183
105-109	25.352990820037867	24.87574449364227	24.668709480754647	25.102555205565213
110-114	25.37782539302919	24.883040786471035	24.611208259436758	25.12792556106301
115-119	25.43947476897014	24.911511581110815	24.612111768446116	25.03690188147293
120-124	25.50408814254521	24.883473960526473	24.537248087933115	25.0751898089952
125-129	25.530360897771807	24.97328297791245	24.569290211309074	24.92706591300667
130-134	25.66118667283723	24.926352645611928	24.446285418773375	24.966175262777472
135-139	25.657096755443128	24.952817861014246	24.509389061517595	24.88069632202503
140-144	25.81790693846111	24.961919507940898	24.403955272920733	24.816218280677266
145-149	25.85061829590318	25.0000689248565	24.45580220065057	24.693510578589752
150	25.859520344010306	25.021036825780584	24.446398628262795	24.67304420194632
>>END_MODULE
>>Per sequence GC content	pass
#GC Content	Count
0	4882.0
1	3688.5
2	2041.0
3	1404.5
4	1135.5
5	979.0
6	877.0
7	817.5
8	806.0
9	834.5
10	868.0
11	925.0
12	1060.5
13	1258.0
14	1516.0
15	1937.0
16	2564.5
17	3623.0
18	5072.5
19	7265.0
20	10677.5
21	15615.5
22	22699.0
23	33180.5
24	47545.0
25	63745.5
26	82608.0
27	105863.5
28	131657.0
29	160399.5
30	190910.5
31	225818.0
32	267950.5
33	314704.0
34	370499.5
35	428910.0
36	494497.5
37	558268.5
38	623789.5
39	703971.5
40	783467.5
41	849860.0
42	916221.5
43	988835.5
44	1061815.5
45	1131138.0
46	1188354.5
47	1249635.5
48	1306187.5
49	1345685.0
50	1389435.5
51	1434463.5
52	1454400.5
53	1458460.0
54	1446445.0
55	1413811.0
56	1363538.0
57	1293042.5
58	1209573.0
59	1111163.0
60	993665.5
61	870167.5
62	750324.5
63	634088.0
64	525798.5
65	427604.0
66	348931.0
67	293943.5
68	252562.5
69	214354.5
70	182341.5
71	157682.0
72	140689.0
73	129032.0
74	116233.0
75	103910.0
76	92875.5
77	84109.0
78	76613.5
79	67803.0
80	58168.0
81	50211.0
82	43126.5
83	36630.5
84	31471.0
85	25654.0
86	18375.5
87	12535.0
88	9184.0
89	6571.5
90	4168.0
91	2717.5
92	1871.0
93	1270.0
94	939.0
95	733.5
96	572.0
97	429.5
98	340.0
99	306.0
100	800.0
>>END_MODULE
>>Per base N content	pass
#Base	N-Count
1	1.9412409654645468E-5
2	0.0012978582454820113
3	0.0
4	0.0
5	0.0
6	0.0
7	0.0
8	0.0
9	0.0
10-14	0.0
15-19	0.0
20-24	0.0
25-29	0.0
30-34	4.99176248262312E-6
35-39	0.0
40-44	3.32784165508208E-6
45-49	5.546402758470134E-6
50-54	3.5386049599039454E-4
55-59	3.605161793005587E-5
60-64	9.428884689399226E-6
65-69	1.5363535640962268E-4
70-74	0.0
75-79	2.49588124131156E-5
80-84	7.986819972196992E-5
85-89	1.1092805516940266E-6
90-94	1.5529927723716374E-5
95-99	0.0
100-104	5.546402758470133E-7
105-109	0.0
110-114	0.0
115-119	0.0
120-124	0.0
125-129	0.0
130-134	0.0
135-139	0.0
140-144	0.0
145-149	0.015672470274609055
150	6.378363172240655E-5
>>END_MODULE
>>Sequence Length Distribution	pass
#Length	Count
150	3.6059408E7
>>END_MODULE
>>Sequence Duplication Levels	fail
#Total Deduplicated Percentage	47.958569937567844
#Duplication Level	Percentage of deduplicated	Percentage of total
1	64.1945620809417	30.786793951703828
2	18.860913599888583	18.09084887933362
3	7.188204923044983	10.342080855822667
4	3.4353568391865785	6.59019204930526
5	1.8573564896623003	4.453808055423247
6	1.127334595153566	3.243921301482721
7	0.7385510512315645	2.479389657006726
8	0.5014972182371638	1.9240871531458197
9	0.36080593641203285	1.5573363061775516
>10	1.6115251153274783	13.21215775619041
>50	0.0796691921185328	2.6181175837180715
>100	0.04168033943235705	3.631598437704385
>500	0.001961358986455083	0.6204356386507058
>1k	5.746955245444279E-4	0.4163944665757028
>5k	0.0	0.0
>10k+	6.56485209054524E-6	0.0328379077593113
>>END_MODULE
>>Overrepresented sequences	pass
>>END_MODULE
>>Adapter Content	pass
#Position	Illumina Universal Adapter	Illumina Small RNA 3' Adapter	Illumina Small RNA 5' Adapter	Nextera Transposase Sequence	SOLID Small RNA Adapter
1	4.437122206776107E-5	1.66392082754104E-5	0.0	5.546402758470134E-6	1.3866006896175334E-5
2	6.101043034317147E-5	4.437122206776107E-5	0.0	2.773201379235067E-5	1.3866006896175334E-5
3	9.15156455147572E-5	4.437122206776107E-5	0.0	4.1598020688526003E-5	1.9412409654645468E-5
4	1.6361888137486893E-4	4.714442344699614E-5	0.0	6.378363172240653E-5	2.4958812413115602E-5
5	1.7748488827104428E-4	4.9917624826231204E-5	0.0	7.764963861858187E-5	2.773201379235067E-5
6	1.9967049930492482E-4	5.546402758470134E-5	0.0	1.081548537901676E-4	3.32784165508208E-5
7	2.163097075803352E-4	6.378363172240653E-5	0.0	1.1370125654863774E-4	3.32784165508208E-5
8	2.6345413102733133E-4	6.65568331016416E-5	0.0	1.7193848551257413E-4	3.32784165508208E-5
9	3.078253530950924E-4	6.65568331016416E-5	0.0	1.747116868918092E-4	4.1598020688526003E-5
10-11	3.924079951617619E-4	7.764963861858187E-5	0.0	2.0244370068415988E-4	4.714442344699614E-5
12-13	5.005628489519296E-4	1.0122185034207994E-4	0.0	2.2878911378689302E-4	5.407742689508381E-5
14-15	6.309033137759777E-4	1.0954145447978513E-4	0.0	2.6345413102733133E-4	6.101043034317147E-5
16-17	7.529241744623205E-4	1.1786105861749034E-4	0.0	3.022789503366223E-4	6.378363172240653E-5
18-19	9.276358613541298E-4	1.289538641344306E-4	0.0	3.272377627497379E-4	7.48764372393468E-5
20-21	0.001203569398588019	1.3588686758251827E-4	0.0	3.924079951617619E-4	9.012904482513967E-5
22-23	0.0014878225399596132	1.4281987103060593E-4	0.0	4.589648282634036E-4	1.1370125654863774E-4
24-25	0.0017554364730557972	1.4836627378907608E-4	0.0	7.113261537737947E-4	1.234074613759605E-4
26-27	0.002077127833047065	1.580724786163988E-4	0.0	7.959087958404642E-4	1.4420647172022345E-4
28-29	0.0024320976095891537	1.8996429447760207E-4	0.0	8.167078061847271E-4	1.5945907930601632E-4
30-31	0.0028355984102678557	2.0521690206339494E-4	0.0	8.777182365278986E-4	1.6777868344372153E-4
32-33	0.003295949839220877	2.1353650620110014E-4	0.0	9.331822641125999E-4	1.8441789171913194E-4
34-35	0.0037673940736908385	2.2324271102842287E-4	0.0	0.0010066721006623293	1.87191093098367E-4
36-37	0.004323420950227469	2.440417213726859E-4	0.0	0.0010538165241093253	1.9967049930492482E-4
38-39	0.004901633437797981	2.620675303377138E-4	0.0	0.0010926413434186163	2.121499055114826E-4
40-41	0.005442407706748819	2.6345413102733133E-4	0.0	0.0011245331592798196	2.2601591240765793E-4
42-43	0.006033099600525888	2.6900053378580145E-4	0.0	0.0011342393641071422	2.3710871792459822E-4
44-45	0.006662616313612248	2.8563974206121187E-4	0.0	0.0011689043813475808	2.454283220623034E-4
46-47	0.007360076460489867	2.953459468885346E-4	0.0	0.0012562602247934852	2.5929432895847876E-4
48-49	0.008064469610815575	3.0089234964700474E-4	0.0	0.0012618066275519554	2.731603358546541E-4
50-51	0.008867311410104127	3.161449572327976E-4	0.0	0.0012756726344481308	2.8009333930274175E-4
52-53	0.009718684233529291	3.2169135999126773E-4	0.0	0.0012826056378962183	3.0227895033662223E-4
54-55	0.010607495275574131	3.3278416550820803E-4	0.0	0.001310337651688569	3.133717558535626E-4
56-57	0.011629419983822251	3.521965751628535E-4	0.0	0.0013422294675497722	3.3555736688744306E-4
58-59	0.013049299089990606	3.7715538757596904E-4	0.0	0.0013602552765148	3.5912957861094114E-4
60-61	0.014657755889946946	3.854749917136743E-4	0.0	0.001411559502030649	3.729955855071165E-4
62-63	0.01667387329265084	3.896347937825269E-4	0.0	0.0014614771268568801	3.924079951617619E-4
64-65	0.018749614525008285	4.062740020579373E-4	0.0	0.0014808895365115257	4.0488740136831975E-4
66-67	0.021070784079428036	4.4232561998799316E-4	0.0	0.0015086215503038764	4.1736680757487754E-4
68-69	0.024099119985552732	4.589648282634036E-4	0.0	0.0015377401647858444	4.242998110229652E-4
70-71	0.028031519541308052	4.7421743584919645E-4	0.0	0.0015765649840951356	4.3955241860875807E-4
72-73	0.032791719708765044	4.880834427453717E-4	1.3866006896175334E-6	0.0016445084178863946	4.617380296426386E-4
74-75	0.03827988523827124	5.144288558481049E-4	2.773201379235067E-6	0.0016861064385749205	4.769906372284315E-4
76-77	0.04414936595742226	5.352278661923679E-4	2.773201379235067E-6	0.001705518848229566	4.8669684205575423E-4
78-79	0.051089302408958016	5.463206717093082E-4	2.773201379235067E-6	0.001741570466159622	5.033360503311646E-4
80-81	0.0599690932252687	5.477072723989257E-4	2.773201379235067E-6	0.0018608181254667299	5.130422551584873E-4
82-83	0.07065978454221988	5.546402758470133E-4	2.773201379235067E-6	0.0019384677640853117	5.1720205722734E-4
84-85	0.0831877217729143	5.657330813639537E-4	2.773201379235067E-6	0.0019869987882219255	5.213618592961926E-4
86-87	0.09789678188837708	5.893052930874517E-4	2.773201379235067E-6	0.002021663805462364	5.2274845998581E-4
88-89	0.11514609446721921	6.003980986043919E-4	2.773201379235067E-6	0.002035529812358539	5.269082620546627E-4
90-91	0.1353350005080505	6.336765151552128E-4	2.773201379235067E-6	0.0020618752254612724	5.435474703300731E-4
92-93	0.15913600134533545	6.461559213617706E-4	2.773201379235067E-6	0.00207435463166783	5.463206717093082E-4
94-95	0.18657682899286643	6.725013344645037E-4	2.773201379235067E-6	0.00209099383994324	5.477072723989257E-4
96-97	0.2169808223141101	6.919137441191492E-4	2.773201379235067E-6	0.002121499055114826	5.601866786054835E-4
98-99	0.25073622950215935	7.113261537737947E-4	2.773201379235067E-6	0.002142298065459089	5.685062827431887E-4
100-101	0.28950558478386557	7.335117648076751E-4	2.773201379235067E-6	0.0021741898813202923	5.685062827431887E-4
102-103	0.3333180067737107	7.598571779104083E-4	2.773201379235067E-6	0.0021825094854579976	5.865320917082166E-4
104-105	0.3823620731654829	7.626303792896433E-4	2.773201379235067E-6	0.0022157879020088186	6.142641055005673E-4
106-107	0.4342625369778672	7.695633827377311E-4	2.773201379235067E-6	0.0022449065164907864	6.364497165344477E-4
108-109	0.4911381240645991	8.014551985989344E-4	2.773201379235067E-6	0.0022518395199388743	6.419961192929179E-4
110-111	0.5547775493152854	8.208676082535797E-4	2.773201379235067E-6	0.002260159124076579	6.433827199825355E-4
112-113	0.6258352882554257	8.305738130809026E-4	2.773201379235067E-6	0.0022684787282142844	6.475425220513881E-4
114-115	0.7030523074588468	8.361202158393726E-4	2.773201379235067E-6	0.00228234473511046	6.503157234306232E-4
116-117	0.7849768360035195	8.70785233079811E-4	2.773201379235067E-6	0.002294824141317018	6.752745358437388E-4
118-119	0.8731299748459542	8.791048372175161E-4	2.773201379235067E-6	0.0023308757592470737	7.04393150325707E-4
120-121	0.9696207436350591	8.874244413552214E-4	2.773201379235067E-6	0.0023641541757978947	7.168725565322648E-4
122-123	1.0755944745404582	9.082234516994843E-4	2.773201379235067E-6	0.0023780201826940697	7.293519627388225E-4
124-125	1.1898392785594263	9.317956634229824E-4	2.773201379235067E-6	0.0023932727902798625	7.321251641180576E-4
126-127	1.3109935138147581	9.484348716983929E-4	2.773201379235067E-6	0.0024015923944175678	7.418313689453804E-4
128-129	1.4412272103857058	9.53981274456863E-4	2.773201379235067E-6	0.002416845002003361	7.51537573772703E-4
130-131	1.5811782045894929	9.650740799738032E-4	2.773201379235067E-6	0.0024681492275192094	7.66790181358496E-4
132-133	1.7328265622108938	9.720070834218909E-4	4.1598020688526E-6	0.00250142764407003	7.820427889442889E-4
134-135	1.8970541612885048	9.928060937661539E-4	5.546402758470134E-6	0.002519453453035058	7.917489937716115E-4
136-137	2.0717256367603154	0.0010246979096273571	5.546402758470134E-6	0.002573530879930142	8.014551985989344E-4
138	2.208325217097297	0.001037177315833915	5.546402758470134E-6	0.002581850484067847	8.070016013574044E-4
>>END_MODULE
>>Kmer Content	fail
#Sequence	Count	PValue	Obs/Exp Max	Max Obs/Exp Position
GATCGTA	6635	0.0	13.9982395	5
CGCGAGT	4970	0.0	13.18295	1
ATCGTAC	7045	0.0	12.263796	6
CGTACTA	6665	0.0	11.5586815	8
CCGGGAT	18135	0.0	10.40187	1
GGATCGT	11150	0.0	10.331651	4
CGCGGTT	7790	0.0	10.166766	1
GGGATCG	15105	0.0	8.818112	3
CGCGAAT	1720	3.110472E-10	8.7906	1
CGGGATT	10995	0.0	8.709316	1
CTCGGGT	19125	0.0	8.018734	1
CTCGATT	9450	0.0	7.771342	1
CGGAAAT	9940	0.0	7.750416	1
CGGGAAC	20070	0.0	7.748792	1
CGGGGAT	22965	0.0	7.681168	1
CGGGAAT	10980	0.0	7.606472	1
GTCGGTT	10985	0.0	7.537467	1
CTCGCAT	8990	0.0	7.528281	1
CTCGGAT	17905	0.0	7.479391	1
CGACAAT	6935	0.0	7.371223	1
>>END_MODULE
