##FastQC	0.11.5
>>Basic Statistics	pass
#Measure	Value
Filename	MTMUT4_1.fq
File type	Conventional base calls
Encoding	Sanger / Illumina 1.9
Total Sequences	39178254
Sequences flagged as poor quality	0
Sequence length	150
%GC	50
>>END_MODULE
>>Per base sequence quality	pass
#Base	Mean	Median	Lower Quartile	Upper Quartile	10th Percentile	90th Percentile
1	36.59457838524402	37.0	37.0	37.0	37.0	37.0
2	36.61486946304447	37.0	37.0	37.0	37.0	37.0
3	36.67147410397615	37.0	37.0	37.0	37.0	37.0
4	36.66700435399699	37.0	37.0	37.0	37.0	37.0
5	36.67676982236115	37.0	37.0	37.0	37.0	37.0
6	36.65199475198665	37.0	37.0	37.0	37.0	37.0
7	36.650087137624865	37.0	37.0	37.0	37.0	37.0
8	36.68075190384952	37.0	37.0	37.0	37.0	37.0
9	36.69097974606015	37.0	37.0	37.0	37.0	37.0
10-14	36.680578210555275	37.0	37.0	37.0	37.0	37.0
15-19	36.66709241305138	37.0	37.0	37.0	37.0	37.0
20-24	36.650480074992615	37.0	37.0	37.0	37.0	37.0
25-29	36.61394725757815	37.0	37.0	37.0	37.0	37.0
30-34	36.58881050697154	37.0	37.0	37.0	37.0	37.0
35-39	36.58419494651293	37.0	37.0	37.0	37.0	37.0
40-44	36.54490658516839	37.0	37.0	37.0	37.0	37.0
45-49	36.52378473527687	37.0	37.0	37.0	37.0	37.0
50-54	36.51057937395577	37.0	37.0	37.0	37.0	37.0
55-59	36.48468526443266	37.0	37.0	37.0	37.0	37.0
60-64	36.4553192492958	37.0	37.0	37.0	37.0	37.0
65-69	36.43233839874539	37.0	37.0	37.0	37.0	37.0
70-74	36.40726948168747	37.0	37.0	37.0	37.0	37.0
75-79	36.39561591488992	37.0	37.0	37.0	37.0	37.0
80-84	36.36786616371419	37.0	37.0	37.0	37.0	37.0
85-89	36.338008294090905	37.0	37.0	37.0	37.0	37.0
90-94	36.294110554288615	37.0	37.0	37.0	37.0	37.0
95-99	36.2749961955936	37.0	37.0	37.0	37.0	37.0
100-104	36.2374474268302	37.0	37.0	37.0	37.0	37.0
105-109	36.20640453247355	37.0	37.0	37.0	37.0	37.0
110-114	36.17718644633832	37.0	37.0	37.0	37.0	37.0
115-119	36.13376902401011	37.0	37.0	37.0	37.0	37.0
120-124	36.10565200787151	37.0	37.0	37.0	37.0	37.0
125-129	36.07717158605384	37.0	37.0	37.0	37.0	37.0
130-134	36.01610306574663	37.0	37.0	37.0	37.0	37.0
135-139	35.97577839992563	37.0	37.0	37.0	37.0	37.0
140-144	35.901559911271185	37.0	37.0	37.0	37.0	37.0
145-149	35.8888896478133	37.0	37.0	37.0	37.0	37.0
150	35.834377254279886	37.0	37.0	37.0	37.0	37.0
>>END_MODULE
>>Per sequence quality scores	pass
#Quality	Count
13	22.0
14	271.0
15	1085.0
16	2304.0
17	3698.0
18	5131.0
19	6845.0
20	9225.0
21	11940.0
22	15868.0
23	20916.0
24	27912.0
25	38206.0
26	52631.0
27	74800.0
28	105767.0
29	145555.0
30	196032.0
31	260997.0
32	350863.0
33	493259.0
34	814346.0
35	2221205.0
36	2.8787934E7
37	5531442.0
>>END_MODULE
>>Per base sequence content	fail
#Base	G	A	T	C
1	28.79359455427086	12.886265508258033	18.36782745819533	39.952312479275776
2	26.696226516154102	22.591010042992817	31.946154024077426	18.766609416775648
3	27.28685292981381	25.080786735958572	21.83030580099522	25.802054533232404
4	28.503437136325676	31.24638479295172	17.965772543105164	22.284405527617437
5	28.04046091487385	30.947504705033563	20.463775644519533	20.548258735573054
6	22.389690118621548	33.16311806698556	21.214284594820278	23.232907219572613
7	20.1616703269036	16.184402022887852	38.74374215875457	24.91018549145397
8	22.088912079772054	19.918671162054256	27.500886908344587	30.491529849829107
9	23.471281507285678	19.630680193903554	28.455849471543388	28.44218882726738
10-14	25.135351308160896	25.786135249056443	24.323298592423175	24.755214850359486
15-19	25.193750083911343	24.279613379401745	25.271841874321403	25.254794662365505
20-24	25.18262556392897	25.102398907557127	24.88931486220033	24.825660666313578
25-29	25.138869639264676	25.03795702585419	24.874949251184088	24.948224083697042
30-34	25.061212784010234	25.110935265262203	24.90066402652859	24.92718792419897
35-39	25.144481936331314	25.028519647659643	24.81759345375626	25.009404962252784
40-44	25.1664396946099	25.00293874833727	24.84078497831202	24.98983657874081
45-49	25.18470209779813	24.954682636643124	24.772083363743487	25.08853190181526
50-54	25.113089521549377	24.99730181952468	24.840471961818412	25.04913669710753
55-59	25.197005975753918	24.93636750502189	24.748043131233835	25.118583387990356
60-64	25.065489646373724	24.946531307903612	24.819154523833554	25.168824521889103
65-69	25.18574258056523	24.98187540465688	24.780553007798662	25.051829006979233
70-74	25.186658394730916	24.95847722055199	24.738243822708384	25.116620562008713
75-79	25.161274925625833	24.91424145649778	24.79041204847975	25.13407156939664
80-84	25.1512862211777	24.94920370877171	24.775364415167658	25.124145654882934
85-89	25.213735150116694	24.98506288718226	24.702350952137888	25.098851010563155
90-94	25.156105731511158	24.95411000194138	24.733477913538465	25.156306353008993
95-99	25.20750107955296	24.996195593606597	24.74391584678582	25.052387480054623
100-104	25.257592132615198	24.960402778541383	24.676091486874327	25.105913601969092
105-109	25.19590638214761	24.97769196146413	24.748006891782364	25.078394764605893
110-114	25.208134594257313	25.004941772035068	24.684047941493258	25.10287569221436
115-119	25.234248570648397	25.03049063901622	24.675312993784768	25.05994779655061
120-124	25.26396505571688	25.001684352753443	24.622274387214908	25.11207620431477
125-129	25.23507658100333	25.08785409375313	24.65115316267029	25.025916162573246
130-134	25.308160491276617	25.070649141230234	24.52878374824973	25.09240661924342
135-139	25.246507922481694	25.0807823135763	24.58626461505916	25.086445148882845
140-144	25.32303175453436	25.137555901675007	24.485057700479025	25.054354643311616
145-149	25.283987387493074	25.147082358494078	24.520658832831092	25.048271421181763
150	25.17473341206068	25.17922825248925	24.558909644110223	25.087128691339842
>>END_MODULE
>>Per sequence GC content	pass
#GC Content	Count
0	1700.0
1	1280.5
2	687.0
3	425.0
4	311.5
5	275.5
6	248.0
7	247.0
8	272.5
9	284.5
10	308.5
11	408.5
12	537.5
13	677.5
14	935.0
15	1347.5
16	2023.5
17	3205.5
18	4826.5
19	7347.5
20	11343.5
21	17243.5
22	25145.5
23	36847.5
24	53800.0
25	72249.0
26	93062.5
27	118495.5
28	147049.0
29	178746.0
30	211764.0
31	249009.5
32	294476.5
33	346016.5
34	405812.0
35	470012.5
36	544903.0
37	614993.0
38	685222.0
39	771294.0
40	857801.0
41	935104.5
42	1008471.0
43	1086832.5
44	1166986.0
45	1240957.5
46	1303408.5
47	1369194.0
48	1429670.0
49	1473556.5
50	1521202.0
51	1567411.5
52	1586723.5
53	1591471.0
54	1577838.5
55	1537030.0
56	1479226.5
57	1403357.5
58	1310470.0
59	1198416.0
60	1067257.5
61	934351.5
62	804097.5
63	676281.0
64	559878.0
65	455043.5
66	370011.0
67	310582.5
68	266303.0
69	225382.0
70	191500.5
71	165227.0
72	146353.0
73	133642.5
74	119781.5
75	106155.0
76	94248.5
77	84834.0
78	77370.0
79	68649.0
80	58585.5
81	50325.0
82	43093.5
83	36367.5
84	31031.5
85	24941.0
86	17920.5
87	12382.0
88	9023.0
89	6400.0
90	4019.5
91	2560.5
92	1697.0
93	1190.5
94	839.0
95	607.5
96	436.5
97	298.0
98	247.5
99	165.0
100	58.0
>>END_MODULE
>>Per base N content	pass
#Base	N-Count
1	0.0617561977111078
2	0.021583401853487397
3	0.005000222827694159
4	0.0
5	0.0
6	0.003552991412021577
7	1.786705451447632E-5
8	5.870603626185078E-5
9	3.573410902895264E-5
10-14	0.0010924427617422664
15-19	0.0
20-24	1.0209745436843613E-5
25-29	0.0
30-34	0.0
35-39	0.0
40-44	2.5013876320266853E-5
45-49	9.699258165001431E-6
50-54	0.0
55-59	2.0419490873687225E-6
60-64	0.0
65-69	0.0
70-74	0.0
75-79	0.0
80-84	0.0
85-89	0.0
90-94	0.0
95-99	0.0
100-104	0.0
105-109	0.0
110-114	0.0
115-119	0.0
120-124	0.0
125-129	0.0
130-134	0.0
135-139	0.0
140-144	1.0209745436843613E-6
145-149	0.0
150	0.0
>>END_MODULE
>>Sequence Length Distribution	pass
#Length	Count
150	3.9178254E7
>>END_MODULE
>>Sequence Duplication Levels	fail
#Total Deduplicated Percentage	46.223678606691706
#Duplication Level	Percentage of deduplicated	Percentage of total
1	62.454279467959765	28.868665417394766
2	19.156014944690835	17.709229563767448
3	7.894700574076359	10.947663060965104
4	3.657152803851145	6.761882232831071
5	1.9967597390644385	4.614879021664811
6	1.2118940920746826	3.361092181044515
7	0.794657102552932	2.5712382157652107
8	0.5468158957199495	2.0220673776631353
9	0.3870559226495849	1.6102033714233848
>10	1.7665299221782123	13.910452969115768
>50	0.08763834726983019	2.757319975113404
>100	0.04355161082959314	3.675657786788916
>500	0.0023551890740284567	0.7229980619022327
>1k	5.88114396376112E-4	0.45021996271675674
>5k	6.273612395029075E-6	0.01643080184325727
>10k+	0.0	0.0
>>END_MODULE
>>Overrepresented sequences	pass
>>END_MODULE
>>Adapter Content	pass
#Position	Illumina Universal Adapter	Illumina Small RNA 3' Adapter	Illumina Small RNA 5' Adapter	Nextera Transposase Sequence	SOLID Small RNA Adapter
1	1.786705451447632E-5	0.0	0.0	0.0	0.0
2	1.786705451447632E-5	2.8076799951319934E-5	0.0	3.8286545388163544E-5	0.0
3	5.3601163543428966E-5	2.8076799951319934E-5	0.0	5.3601163543428966E-5	2.0419490873687223E-5
4	1.0720232708685793E-4	2.8076799951319934E-5	0.0	8.42303998539598E-5	3.318167266974174E-5
5	1.2762181796054515E-4	2.8076799951319934E-5	0.0	1.0209745436843613E-4	3.318167266974174E-5
6	1.4548887247502147E-4	3.573410902895264E-5	0.0	1.4548887247502147E-4	4.083898174737445E-5
7	1.786705451447632E-4	3.8286545388163544E-5	0.0	1.633559269894978E-4	4.083898174737445E-5
8	2.2206196325134857E-4	4.594385446579626E-5	0.0	2.2971927232898128E-4	4.594385446579626E-5
9	2.475863268434576E-4	4.594385446579626E-5	0.0	2.37376581406614E-4	4.849629082500716E-5
10-11	3.2543563579939014E-4	4.977250900461261E-5	0.0	2.5907229045990667E-4	5.2324945363823515E-5
12-13	4.1604712655137724E-4	6.891578169869438E-5	0.0	2.960826176684648E-4	6.125847262106167E-5
14-15	5.079348354829697E-4	8.295418167435434E-5	0.0	3.1650210854215196E-4	6.381090898027258E-5
16-17	6.176895989290386E-4	8.805905439277615E-5	1.2762181796054515E-6	3.2671185397899563E-4	7.657309077632709E-5
18-19	7.427589805303728E-4	1.0337367254804158E-4	2.552436359210903E-6	3.496837812118937E-4	8.16779634947489E-5
20-21	9.23981962034347E-4	1.1103098162567429E-4	2.552436359210903E-6	4.3646661742506446E-4	8.67828362131707E-5
22-23	0.0011154146889751646	1.3527912703817786E-4	2.552436359210903E-6	5.398402899731061E-4	9.061149075198705E-5
24-25	0.0012877041432219007	1.5825105427107598E-4	2.552436359210903E-6	8.065698895106454E-4	1.0337367254804158E-4
26-27	0.001472755779264691	1.6973701788752506E-4	2.552436359210903E-6	8.691045803113126E-4	1.2889803614015062E-4
28-29	0.0016973701788752507	1.927089451204232E-4	2.552436359210903E-6	8.844191984665779E-4	1.5569861791186508E-4
30-31	0.0019743095238496334	2.0929978145529406E-4	2.552436359210903E-6	9.022862529810543E-4	1.5697483609147052E-4
32-33	0.002270392141518098	2.1695709053292677E-4	2.552436359210903E-6	9.852404346554085E-4	1.684607997079196E-4
34-35	0.0025511601410312976	2.258906177901649E-4	2.552436359210903E-6	0.0010401178163784428	1.761181087855523E-4
36-37	0.0028906341768063478	2.4375767230464126E-4	2.552436359210903E-6	0.0010758519254073957	1.786705451447632E-4
38-39	0.0032543563579939014	2.5524363592109036E-4	2.552436359210903E-6	0.001125624434412008	1.8249919968357957E-4
40-41	0.0036563650845696186	2.6800581771714484E-4	2.552436359210903E-6	0.00117284450705741	2.0291869055726682E-4
42-43	0.004041782974810466	2.7821556315398845E-4	2.552436359210903E-6	0.0012021975251883354	2.0929978145529406E-4
44-45	0.004448896574104604	2.9097774495004294E-4	2.552436359210903E-6	0.001237931634217288	2.0929978145529406E-4
46-47	0.004913439991480988	2.948063994888593E-4	2.552436359210903E-6	0.0012928090159403224	2.1823330871253223E-4
48-49	0.00537032609977974	3.050161449257029E-4	2.552436359210903E-6	0.0012953614522995334	2.3099549050858672E-4
50-51	0.005887194462519948	3.1139723582373016E-4	2.552436359210903E-6	0.0013196095977120368	2.3482414504740308E-4
52-53	0.006497226752371354	3.152258903625465E-4	2.552436359210903E-6	0.0013362004340469079	2.3865279958621945E-4
54-55	0.007153202896688556	3.2415941761978464E-4	2.552436359210903E-6	0.001356619924920595	2.501387632026685E-4
56-57	0.007895961877218928	3.471313448526828E-4	2.552436359210903E-6	0.0013757631976146767	2.5651985410069574E-4
58-59	0.0088722687846171	3.5606487210992097E-4	2.552436359210903E-6	0.001384696724871915	2.897015267704375E-4
60-61	0.010139553436965314	3.6499839936715914E-4	2.552436359210903E-6	0.0014561649429298202	3.1267345400333565E-4
62-63	0.011493620925526696	3.6755083572637007E-4	2.552436359210903E-6	0.0015097661064732491	3.292642903382065E-4
64-65	0.012896184704913088	3.8286545388163543E-4	2.552436359210903E-6	0.0015391191246041745	3.433026903138665E-4
66-67	0.014516981793012012	3.981800720369009E-4	2.552436359210903E-6	0.0015557099609390455	3.5606487210992097E-4
68-69	0.016756744698219576	4.1987578109019356E-4	2.552436359210903E-6	0.00159654894268642	3.7520814480400275E-4
70-71	0.019607816111458155	4.364666174250644E-4	2.552436359210903E-6	0.0016297306153561617	4.058373811145336E-4
72-73	0.022928535814791543	4.530574537599353E-4	2.552436359210903E-6	0.0016641885062055088	4.262568719882208E-4
74-75	0.026602767953875638	4.913439991480989E-4	2.552436359210903E-6	0.0017139610152101213	4.3391418106585353E-4
76-77	0.030455670638104497	5.168683627402079E-4	2.552436359210903E-6	0.0017662859605739449	4.4412392650269714E-4
78-79	0.03556692444742433	5.462213808711333E-4	2.552436359210903E-6	0.0018020200696028975	4.5943854465796256E-4
80-81	0.041838260582005515	5.602597808467933E-4	2.552436359210903E-6	0.0019730333056700283	4.6454341737638436E-4
82-83	0.049448349586992825	5.755743990020586E-4	2.552436359210903E-6	0.0020470539600871444	4.6454341737638436E-4
84-85	0.05818533924457174	5.883365807981131E-4	2.552436359210903E-6	0.002117245959965444	4.670958537355953E-4
86-87	0.06841167551775024	6.062036353125895E-4	2.552436359210903E-6	0.002167018468970057	4.7730559917243885E-4
88-89	0.08018351200643091	6.151371625698276E-4	2.552436359210903E-6	0.0021823330871253224	4.8368669007046615E-4
90-91	0.09391051474626716	6.33004217084304E-4	2.552436359210903E-6	0.0022397629052075675	4.926202173277043E-4
92-93	0.11059961988096764	6.546999261375966E-4	2.552436359210903E-6	0.002258906177901649	4.977250900461261E-4
94-95	0.12964972864793822	6.649096715744403E-4	2.552436359210903E-6	0.0022754970142365204	5.104872718421806E-4
96-97	0.15084898882936437	6.802242897297056E-4	2.552436359210903E-6	0.002293364068750996	5.411165081527114E-4
98-99	0.17502183736927124	6.955389078849711E-4	2.552436359210903E-6	0.0023188884323431056	5.564311263079769E-4
100-101	0.20272853404850558	7.019199987829983E-4	2.552436359210903E-6	0.0023393079232167926	5.577073444875823E-4
102-103	0.2346186739204866	7.095773078606311E-4	2.552436359210903E-6	0.0023558987595516633	5.717457444632423E-4
104-105	0.2703170488404103	7.2106327147708E-4	2.552436359210903E-6	0.002405671268556276	5.921652353369295E-4
106-107	0.3089596591006838	7.363778896323455E-4	2.552436359210903E-6	0.0024375767230464126	6.023749807737731E-4
108-109	0.3520511659350618	7.746644350205091E-4	2.552436359210903E-6	0.002447786468483256	6.07479853492195E-4
110-111	0.399845536761286	7.976363622534072E-4	2.552436359210903E-6	0.002456719995740494	6.125847262106167E-4
112-113	0.4537874505586696	8.078461076902508E-4	2.552436359210903E-6	0.0024631010866385215	6.317279989046984E-4
114-115	0.513196683037483	8.206082894863054E-4	2.552436359210903E-6	0.0024656535229977323	6.342804352639094E-4
116-117	0.5772615594354971	8.308180349231489E-4	2.552436359210903E-6	0.0024835205775122085	6.534237079579913E-4
118-119	0.6472812698595501	8.371991258211762E-4	2.552436359210903E-6	0.0025077687229247123	6.649096715744403E-4
120-121	0.7257457159780525	8.435802167192035E-4	2.552436359210903E-6	0.0025307406501576105	6.763956351908894E-4
122-123	0.8129292846996193	8.652759257724962E-4	2.552436359210903E-6	0.0025422266137740596	6.776718533704948E-4
124-125	0.9077420856988676	8.844191984665779E-4	2.552436359210903E-6	0.0025511601410312976	6.789480715501002E-4
126-127	1.0092167455956562	8.869716348257888E-4	2.552436359210903E-6	0.0025537125773905083	6.789480715501002E-4
128-129	1.1190901973324283	8.946289439034215E-4	2.552436359210903E-6	0.0025651985410069574	6.86605380627733E-4
130-131	1.2400514326136127	9.112197802382924E-4	2.552436359210903E-6	0.002603485086395121	7.006437806033928E-4
132-133	1.3735949029275272	9.278106165731632E-4	2.552436359210903E-6	0.0026200759227299917	7.121297442198419E-4
134-135	1.52221689103348	9.35467925650796E-4	2.552436359210903E-6	0.002622628359089203	7.159583987586583E-4
136-137	1.6806912834859868	9.456776710876396E-4	2.552436359210903E-6	0.0026392191954240736	7.248919260158964E-4
138	1.8043325769443426	9.49506325626456E-4	2.552436359210903E-6	0.0026494289408609175	7.325492350935292E-4
>>END_MODULE
>>Kmer Content	fail
#Sequence	Count	PValue	Obs/Exp Max	Max Obs/Exp Position
GATCGTA	7640	0.0	14.702521	5
ATCGTAC	7865	0.0	13.915712	6
CGTACTA	7795	0.0	13.116663	8
CGCGGTT	8420	0.0	11.297831	1
GGATCGT	12375	0.0	10.764003	4
GGGATCG	15940	0.0	10.028418	3
CGGGAAT	12420	0.0	9.690096	1
CGCGAGT	5295	0.0	9.527201	1
CCGGGAT	19200	0.0	9.421189	1
CGGGATT	11940	0.0	9.174291	1
CTCGGAT	19985	0.0	8.618406	1
CGGGGAT	23565	0.0	8.562958	1
CTCGGGT	21215	0.0	8.424456	1
TCGTACT	13805	0.0	8.240868	7
CCGAAAT	10825	0.0	8.122041	1
CGACGAT	7740	0.0	8.100494	1
GTCGGTT	12225	0.0	7.95826	1
CGACAAT	7910	0.0	7.835292	1
AATCGAG	9495	0.0	7.810932	5
CGCAAAT	8590	0.0	7.802306	1
>>END_MODULE
