##FastQC	0.11.5
>>Basic Statistics	pass
#Measure	Value
Filename	MTGFP2_1.fq
File type	Conventional base calls
Encoding	Sanger / Illumina 1.9
Total Sequences	30464426
Sequences flagged as poor quality	0
Sequence length	150
%GC	50
>>END_MODULE
>>Per base sequence quality	pass
#Base	Mean	Median	Lower Quartile	Upper Quartile	10th Percentile	90th Percentile
1	36.58226260360198	37.0	37.0	37.0	37.0	37.0
2	36.60667714533666	37.0	37.0	37.0	37.0	37.0
3	36.661076233637225	37.0	37.0	37.0	37.0	37.0
4	36.65639995974321	37.0	37.0	37.0	37.0	37.0
5	36.66589011064906	37.0	37.0	37.0	37.0	37.0
6	36.64292804991632	37.0	37.0	37.0	37.0	37.0
7	36.64070926529192	37.0	37.0	37.0	37.0	37.0
8	36.671556916910234	37.0	37.0	37.0	37.0	37.0
9	36.68178205622519	37.0	37.0	37.0	37.0	37.0
10-14	36.671337867977556	37.0	37.0	37.0	37.0	37.0
15-19	36.656867114450144	37.0	37.0	37.0	37.0	37.0
20-24	36.64118492828324	37.0	37.0	37.0	37.0	37.0
25-29	36.60384792413289	37.0	37.0	37.0	37.0	37.0
30-34	36.578273189851004	37.0	37.0	37.0	37.0	37.0
35-39	36.57467050913745	37.0	37.0	37.0	37.0	37.0
40-44	36.53442980346979	37.0	37.0	37.0	37.0	37.0
45-49	36.513368346411646	37.0	37.0	37.0	37.0	37.0
50-54	36.49936724230419	37.0	37.0	37.0	37.0	37.0
55-59	36.47394895935344	37.0	37.0	37.0	37.0	37.0
60-64	36.443979505801295	37.0	37.0	37.0	37.0	37.0
65-69	36.4214875540409	37.0	37.0	37.0	37.0	37.0
70-74	36.39482084448267	37.0	37.0	37.0	37.0	37.0
75-79	36.38335720489202	37.0	37.0	37.0	37.0	37.0
80-84	36.35628791430372	37.0	37.0	37.0	37.0	37.0
85-89	36.32481422101962	37.0	37.0	37.0	37.0	37.0
90-94	36.28177763795715	37.0	37.0	37.0	37.0	37.0
95-99	36.26142331386778	37.0	37.0	37.0	37.0	37.0
100-104	36.22574335062147	37.0	37.0	37.0	37.0	37.0
105-109	36.191948812690576	37.0	37.0	37.0	37.0	37.0
110-114	36.163899677610864	37.0	37.0	37.0	37.0	37.0
115-119	36.119501000937944	37.0	37.0	37.0	37.0	37.0
120-124	36.09218102451693	37.0	37.0	37.0	37.0	37.0
125-129	36.06075604378694	37.0	37.0	37.0	37.0	37.0
130-134	35.997762150516145	37.0	37.0	37.0	37.0	37.0
135-139	35.95449170780372	37.0	37.0	37.0	37.0	37.0
140-144	35.87754267223023	37.0	37.0	37.0	37.0	37.0
145-149	35.85975582142923	37.0	37.0	37.0	37.0	37.0
150	35.80086531090394	37.0	37.0	37.0	37.0	37.0
>>END_MODULE
>>Per sequence quality scores	pass
#Quality	Count
13	21.0
14	229.0
15	849.0
16	1893.0
17	2911.0
18	4117.0
19	5629.0
20	7293.0
21	9499.0
22	12301.0
23	16569.0
24	22815.0
25	31214.0
26	43834.0
27	61746.0
28	86329.0
29	118708.0
30	157945.0
31	208273.0
32	276929.0
33	387531.0
34	641252.0
35	1757788.0
36	2.2408648E7
37	4200103.0
>>END_MODULE
>>Per base sequence content	fail
#Base	G	A	T	C
1	28.460744666895316	12.855603539591407	18.363103529573596	40.320548263939685
2	26.932637257383362	22.598406808278384	31.700688348363492	18.768267585974762
3	27.356513894943618	25.043039266149492	21.754223500864004	25.84622333804289
4	28.552788094546734	31.13798041033171	17.86646168879072	22.442769806330833
5	28.060843818294824	30.820643067425596	20.43977457510606	20.678738539173526
6	22.5008907423654	33.0173328911846	21.16091353565336	23.320862830796635
7	20.356622578076326	16.210408732547673	38.517713450641764	24.915255238734236
8	22.14442871899185	19.87088738164387	27.518486160179297	30.466197739184985
9	23.552418547842223	19.658387029037844	28.345525207326304	28.443669215793626
10-14	25.232876742546235	25.685289934593964	24.232548434783155	24.849284888076646
15-19	25.263652103604382	24.21048799672116	25.157941265658508	25.36791863401595
20-24	25.28109508980048	25.028415439596035	24.780409437578733	24.91008003302475
25-29	25.23471605865806	24.947858200249694	24.76641444023925	25.051011300853
30-34	25.13717671883921	25.034445749937976	24.805488867572954	25.022888663649855
35-39	25.225710144678253	24.952848939284134	24.719723260172373	25.101717655865237
40-44	25.24446749968396	24.91866708129684	24.737344724423682	25.099520694595522
45-49	25.277500415993437	24.865010736392485	24.667715023965595	25.18977382364848
50-54	25.195392816526397	24.912692594306556	24.75101746542016	25.140897123746893
55-59	25.291995492001035	24.855819209302147	24.64214572526097	25.210039573435843
60-64	25.16804222735068	24.867178524880135	24.70399737713752	25.260781870631664
65-69	25.278661741402907	24.90301639033015	24.674440936454868	25.143880931812074
70-74	25.26168521934403	24.881957729976598	24.64259264231665	25.213764408362728
75-79	25.235407356764245	24.855607652020097	24.67176502849586	25.2372199627198
80-84	25.219251463986225	24.885896750524694	24.67384417484183	25.22100761064725
85-89	25.304819463855978	24.915467634282688	24.600840994017087	25.178871907844254
90-94	25.25416037709032	24.897910106692965	24.624643182182393	25.223286334034327
95-99	25.304125539736084	24.936484934920486	24.628309097305824	25.131080428037606
100-104	25.35588886526206	24.913324807104523	24.537974882572875	25.192811445060542
105-109	25.30288671777371	24.923145441834354	24.61470765935324	25.159260181038697
110-114	25.3363966220798	24.96611884300725	24.527791201449194	25.169693333463762
115-119	25.356284246788597	24.983132293273027	24.52739417790044	25.13318928203794
120-124	25.386209475931043	24.969272685459426	24.459871326641768	25.184646511967763
125-129	25.356270293751805	25.05405878975038	24.47757722400547	25.112093692492355
130-134	25.43986221831325	25.038864017986096	24.346287043123674	25.174986720576975
135-139	25.370561716803724	25.0563946289354	24.4093849002768	25.163658753984073
140-144	25.451644330045365	25.105510114101808	24.31411622816953	25.128729327683295
145-149	25.445596119224433	25.135209834578866	24.309040977827713	25.11015306836899
150	25.343759964491042	25.162013556401817	24.363692261918867	25.13053421718827
>>END_MODULE
>>Per sequence GC content	pass
#GC Content	Count
0	907.0
1	663.5
2	354.0
3	248.5
4	195.5
5	175.5
6	158.0
7	160.5
8	184.0
9	204.5
10	260.5
11	321.0
12	398.5
13	515.5
14	693.0
15	997.5
16	1505.5
17	2487.5
18	3865.5
19	5774.5
20	8744.0
21	13121.0
22	19283.0
23	28794.0
24	41921.0
25	55805.0
26	72076.0
27	91758.5
28	113478.0
29	137428.5
30	162835.0
31	190801.0
32	223637.0
33	261742.5
34	306211.5
35	352888.0
36	405579.0
37	458434.0
38	514064.0
39	580508.5
40	645361.0
41	704102.0
42	762608.5
43	824898.5
44	890486.5
45	950612.0
46	1001794.0
47	1055275.5
48	1106322.0
49	1143904.5
50	1183054.0
51	1224817.5
52	1246882.0
53	1255293.5
54	1246796.5
55	1218152.5
56	1172322.5
57	1107332.5
58	1036065.5
59	954214.5
60	850445.0
61	741175.0
62	633409.0
63	529941.5
64	439683.5
65	359695.5
66	293882.5
67	247591.5
68	213585.0
69	178429.5
70	148788.0
71	129451.0
72	116412.0
73	107076.5
74	97060.5
75	85893.0
76	75963.5
77	68884.0
78	62574.5
79	55361.0
80	47213.5
81	40747.5
82	34789.5
83	28929.5
84	24367.5
85	19535.5
86	14013.5
87	9611.0
88	6966.0
89	4824.0
90	2972.5
91	1920.5
92	1307.5
93	866.5
94	587.5
95	453.0
96	345.0
97	247.5
98	205.0
99	141.5
100	53.0
>>END_MODULE
>>Per base N content	pass
#Base	N-Count
1	0.061225509385930986
2	0.021162387894654574
3	0.005074771472799126
4	0.0
5	0.0
6	0.0035188583563005586
7	1.96951027404882E-5
8	4.59552397278058E-5
9	2.9542654110732304E-5
10-14	0.0010753526096306558
15-19	0.0
20-24	6.5650342468294E-6
25-29	0.0
30-34	0.0
35-39	0.0
40-44	2.7573143836683478E-5
45-49	1.050405479492704E-5
50-54	0.0
55-59	6.5650342468294E-7
60-64	0.0
65-69	0.0
70-74	0.0
75-79	0.0
80-84	0.0
85-89	0.0
90-94	0.0
95-99	0.0
100-104	0.0
105-109	0.0
110-114	0.0
115-119	6.5650342468294E-7
120-124	0.0
125-129	0.0
130-134	0.0
135-139	0.0
140-144	1.96951027404882E-6
145-149	0.0
150	0.0
>>END_MODULE
>>Sequence Length Distribution	pass
#Length	Count
150	3.0464426E7
>>END_MODULE
>>Sequence Duplication Levels	fail
#Total Deduplicated Percentage	49.236179813045474
#Duplication Level	Percentage of deduplicated	Percentage of total
1	64.7751816493103	31.892824911081252
2	18.725659135690382	18.439598406452987
3	7.20056623531843	10.635851217536464
4	3.3104412896112447	6.519739303833176
5	1.7615743641082025	4.336659607264134
6	1.0676309605329242	3.153964196806411
7	0.6760295310197397	2.3299578083751693
8	0.47792615663658855	1.8825006548413448
9	0.35006500462068735	1.5512277162382881
>10	1.5417245187572102	12.964135354348372
>50	0.0771794718119163	2.608930870628415
>100	0.0344126390362923	3.035057259787053
>500	0.0013074121668221275	0.4279502709747588
>1k	3.0163137940516924E-4	0.22160242183197465
>5k	0.0	0.0
>10k+	0.0	0.0
>>END_MODULE
>>Overrepresented sequences	pass
>>END_MODULE
>>Adapter Content	pass
#Position	Illumina Universal Adapter	Illumina Small RNA 3' Adapter	Illumina Small RNA 5' Adapter	Nextera Transposase Sequence	SOLID Small RNA Adapter
1	4.26727226043911E-5	6.5650342468294E-6	0.0	3.2825171234147E-6	3.2825171234147E-6
2	5.58027910980499E-5	2.95426541107323E-5	0.0	2.62601369873176E-5	3.2825171234147E-6
3	1.148880993195145E-4	2.95426541107323E-5	0.0	3.2825171234147004E-5	9.847551370244101E-6
4	2.29776198639029E-4	2.95426541107323E-5	0.0	7.549789383853811E-5	2.29776198639029E-5
5	2.593188527497613E-4	3.6107688357561705E-5	0.0	7.878041096195281E-5	3.9390205480976405E-5
6	3.0199157535415244E-4	4.26727226043911E-5	0.0	8.53454452087822E-5	3.9390205480976405E-5
7	3.3153422946488473E-4	4.59552397278058E-5	0.0	9.51929965790263E-5	4.59552397278058E-5
8	3.93902054809764E-4	6.893285959170871E-5	0.0	2.166461301453702E-4	5.58027910980499E-5
9	4.6283491440147275E-4	6.893285959170871E-5	0.0	2.1992864726878492E-4	6.893285959170871E-5
10-11	5.974181164614754E-4	7.878041096195281E-5	0.0	2.4454752569439515E-4	7.54978938385381E-5
12-13	7.188712500278194E-4	1.0339928938756304E-4	0.0	2.642426284348834E-4	8.86279623321969E-5
14-15	8.649432620197735E-4	1.116055821960998E-4	0.0	3.167629024095186E-4	9.026922089390424E-5
16-17	0.0010553292551778262	1.2801816781317333E-4	0.0	3.545118493287876E-4	9.19104794556116E-5
18-19	0.001303159297995636	1.3950697774512476E-4	0.0	3.8733702056293457E-4	9.355173801731896E-5
20-21	0.001724962748354425	1.608433390473203E-4	0.0	4.8417127570366827E-4	1.1652935788122186E-4
22-23	0.0020236718065851627	1.772559246643938E-4	0.0	5.892118236529387E-4	1.2637690925146596E-4
24-25	0.002386389948722487	1.805384417878085E-4	0.0	8.780733305134322E-4	1.477132705536615E-4
26-27	0.002603036078867857	1.8546221747293057E-4	0.0	9.404411558583116E-4	1.6248459760902765E-4
28-29	0.0030215570121032314	2.0515732021341874E-4	0.0	9.74907585654166E-4	1.8217970034951585E-4
30-31	0.003594356250139097	2.2649368151561432E-4	0.0	0.0010142977911351424	1.8874473459634525E-4
32-33	0.004057191164540569	2.330587157624437E-4	0.0	0.0011127733048375834	2.0515732021341874E-4
34-35	0.004784268707376926	2.511125599412245E-4	0.0	0.001157087286003682	2.067985787751261E-4
36-37	0.005289776344382789	2.790139554902495E-4	0.0	0.0011997600086080728	2.1336361302195551E-4
38-39	0.005967616130367925	2.8393773117537155E-4	0.0	0.0012522802825827082	2.1500487158366286E-4
40-41	0.006407473424905495	2.921440239839083E-4	0.0	0.0013294194349829536	2.3798249144756577E-4
42-43	0.006894927217732577	3.1512164384781124E-4	0.0	0.0013671683819022227	2.494713013795172E-4
44-45	0.007505475402687712	3.2661045377976265E-4	0.0	0.0014295362072471018	2.5439507706463926E-4
46-47	0.00801426555681699	3.2825171234147E-4	0.0	0.0015526305993751532	2.560363356263466E-4
48-49	0.008616607448963587	3.397405222734215E-4	0.0	0.00156083689218369	2.5767759418805395E-4
50-51	0.009350250026046773	3.479468150819582E-4	0.0	0.001575608219239056	2.691664041200054E-4
52-53	0.010292332440466793	3.61076883575617E-4	0.0	0.001593662063417837	2.872202482987863E-4
54-55	0.011283652611738032	3.774894691926905E-4	0.0	0.001613357166158325	3.0199157535415244E-4
56-57	0.012429251087809762	3.807719863161052E-4	0.0	0.001701985128490522	3.1840416097122593E-4
58-59	0.014050814546776624	3.9718457193317874E-4	0.0	0.0017216802312310102	3.2989297090317733E-4
60-61	0.016287849966383744	4.0539086474171546E-4	0.0	0.0018267207791802806	3.430230393968362E-4
62-63	0.019004132886009405	4.168796746736669E-4	0.0	0.0019334025856912584	3.594356250139097E-4
64-65	0.02174503468406068	4.332922602907404E-4	0.0	0.001977716566857357	3.774894691926905E-4
66-67	0.025048888168777577	4.431398116609845E-4	0.0	0.0020039767038446746	3.807719863161052E-4
68-69	0.029721551293958405	4.808887585802536E-4	0.0	0.0020548557192576022	3.8897827912464197E-4
70-71	0.03572035133699877	4.890950513887903E-4	0.0	0.002123788578849311	3.955433133714714E-4
72-73	0.042961584111251595	5.005838613207417E-4	0.0	0.0021681025600154094	4.037496061800081E-4
74-75	0.05133036151739737	5.432565839251328E-4	0.0	0.0022288291267985815	4.119558989885449E-4
76-77	0.06026373186877049	5.481803596102549E-4	0.0	0.002279708142211509	4.3985729453756983E-4
78-79	0.07115840620138386	5.481803596102549E-4	0.0	0.002302685762075412	4.6119365583976535E-4
80-81	0.08466432290567366	5.53104135295377E-4	0.0	0.002475017911054684	4.693999486483021E-4
82-83	0.1014921469388591	5.58027910980499E-4	0.0	0.0026112423716763943	4.7924750001854624E-4
84-85	0.12121350981633464	5.744404965975725E-4	0.0	0.0026801752312681027	4.907363099504976E-4
86-87	0.14330320879835384	5.875705650912313E-4	0.0	0.0027244892124342014	4.92377568512205E-4
88-89	0.16891340739523536	6.023418921465974E-4	0.0	0.002742543056612982	4.97301344197327E-4
90-91	0.19849709297001034	6.089069263934269E-4	0.0	0.0027737269692854217	5.038663784441565E-4
92-93	0.23298485912716688	6.450146147509886E-4	0.0	0.002798345847711032	5.087901541292785E-4
94-95	0.271625009445443	6.51579648997818E-4	0.0	0.002827888501821764	5.219202226229374E-4
96-97	0.31415494255496557	6.761985274234282E-4	0.0	0.0028525073802473746	5.448978424868402E-4
98-99	0.3608553136697865	6.893285959170871E-4	0.0	0.0028705612244261554	5.613104281039137E-4
100-101	0.4135265834320988	7.139474743426972E-4	0.0	0.002893538844290058	5.744404965975726E-4
102-103	0.4732782426296166	7.303600599597708E-4	0.0	0.0029083101713454243	5.875705650912313E-4
104-105	0.5377846278804006	7.467726455768443E-4	0.0	0.002926364015524205	5.990593750231827E-4
106-107	0.6080173642529816	7.648264897556251E-4	0.0	0.0029345703083327418	6.072656678317196E-4
108-109	0.6824993190418227	8.009341781131869E-4	0.0	0.002944417859702986	6.138307020785489E-4
110-111	0.7651284813309793	8.173467637302603E-4	0.0	0.002957547928196645	6.171132192019636E-4
112-113	0.8555782406666714	8.288355736622118E-4	0.0	0.0029641129624434744	6.203957363253783E-4
114-115	0.9535433229564214	8.403243835941632E-4	0.0	0.0029739605138137185	6.269607705722077E-4
116-117	1.0572183437823512	8.550957106495294E-4	0.0	0.002977243030937133	6.335258048190372E-4
118-119	1.1675437443003194	8.600194863346514E-4	0.0	0.0029969381336776213	6.51579648997818E-4
120-121	1.2876083731234589	8.665845205814808E-4	0.0	0.003039610856282012	6.5650342468294E-4
122-123	1.418807300029221	9.026922089390426E-4	0.0	0.0030543821833373783	6.597859418063547E-4
124-125	1.5595665580569285	9.24028570241238E-4	0.0	0.0030675122518310375	6.745572688617209E-4
126-127	1.7072470034393559	9.322348630497749E-4	0.0	0.003074077286077867	6.876873373553797E-4
128-129	1.8656481497468556	9.453649315434336E-4	0.0	0.0030872073545715256	6.893285959170871E-4
130-131	2.036513013571961	9.486474486668483E-4	0.0	0.0031167500086822578	7.024586644107458E-4
132-133	2.223071591764112	9.749075856541659E-4	0.0	0.003131521335737624	7.106649572192825E-4
134-135	2.4231065440064423	9.913201712712393E-4	0.0	0.003141368887107868	7.17229991466112E-4
136-137	2.633524097910133	0.0010159390496968497	0.0	0.003182400351150552	7.270775428363561E-4
138	2.7983360001596616	0.0010241453425053864	0.0	0.0031906066439590887	7.352838356448928E-4
>>END_MODULE
>>Kmer Content	fail
#Sequence	Count	PValue	Obs/Exp Max	Max Obs/Exp Position
CGCGAGT	4265	0.0	15.544975	1
GATCGTA	5330	0.0	12.833741	5
ATCGTAC	5500	0.0	11.651563	6
CGTACTA	4960	0.0	11.613364	8
CGCGGTT	5705	0.0	11.2423115	1
TCGACCG	3820	0.0	9.801436	7
GGATCGT	8910	0.0	9.616464	4
GTCGGTT	8240	0.0	9.270431	1
CGGGAAT	9515	0.0	9.240007	1
GGGATCG	12275	0.0	9.033752	3
CTCGGAT	15255	0.0	9.022822	1
CTCGCAT	8360	0.0	8.964959	1
CTCGGGT	16080	0.0	8.64953	1
CAATCGA	4635	0.0	8.543958	4
CGGAAAT	8335	0.0	8.473088	1
CGACAAT	6535	0.0	8.380874	1
CGCGAAT	1465	1.3184035E-7	8.362432	1
CGAGAAT	9350	0.0	8.324026	1
CTCGAAT	8980	0.0	8.265748	1
CGGACAT	13865	0.0	8.160205	1
>>END_MODULE
