##FastQC	0.11.5
>>Basic Statistics	pass
#Measure	Value
Filename	MTGFP3_2.fq
File type	Conventional base calls
Encoding	Sanger / Illumina 1.9
Total Sequences	26170139
Sequences flagged as poor quality	0
Sequence length	150
%GC	50
>>END_MODULE
>>Per base sequence quality	pass
#Base	Mean	Median	Lower Quartile	Upper Quartile	10th Percentile	90th Percentile
1	36.57403948064624	37.0	37.0	37.0	37.0	37.0
2	36.612816424093126	37.0	37.0	37.0	37.0	37.0
3	36.62867365740778	37.0	37.0	37.0	37.0	37.0
4	36.617679141864706	37.0	37.0	37.0	37.0	37.0
5	36.61577857878401	37.0	37.0	37.0	37.0	37.0
6	36.58550208693962	37.0	37.0	37.0	37.0	37.0
7	36.5631472954729	37.0	37.0	37.0	37.0	37.0
8	36.62205443387213	37.0	37.0	37.0	37.0	37.0
9	36.61878658726268	37.0	37.0	37.0	37.0	37.0
10-14	36.60938715686608	37.0	37.0	37.0	37.0	37.0
15-19	36.60025315876236	37.0	37.0	37.0	37.0	37.0
20-24	36.573606789020104	37.0	37.0	37.0	37.0	37.0
25-29	36.532508894966135	37.0	37.0	37.0	37.0	37.0
30-34	36.509062913269204	37.0	37.0	37.0	37.0	37.0
35-39	36.484062014343905	37.0	37.0	37.0	37.0	37.0
40-44	36.442024851300935	37.0	37.0	37.0	37.0	37.0
45-49	36.41574011509836	37.0	37.0	37.0	37.0	37.0
50-54	36.37473433366173	37.0	37.0	37.0	37.0	37.0
55-59	36.35609171200811	37.0	37.0	37.0	37.0	37.0
60-64	36.32439564803229	37.0	37.0	37.0	37.0	37.0
65-69	36.27413959857073	37.0	37.0	37.0	37.0	37.0
70-74	36.243784008942406	37.0	37.0	37.0	37.0	37.0
75-79	36.19812205047898	37.0	37.0	37.0	37.0	37.0
80-84	36.164085616816934	37.0	37.0	37.0	37.0	37.0
85-89	36.12477644845524	37.0	37.0	37.0	37.0	37.0
90-94	36.086998544409724	37.0	37.0	37.0	37.0	37.0
95-99	36.03032739719113	37.0	37.0	37.0	37.0	37.0
100-104	35.973848553116206	37.0	37.0	37.0	37.0	37.0
105-109	35.95383192271161	37.0	37.0	37.0	37.0	37.0
110-114	35.891948552508644	37.0	37.0	37.0	37.0	37.0
115-119	35.82372002685962	37.0	37.0	37.0	37.0	37.0
120-124	35.79451004826531	37.0	37.0	37.0	37.0	37.0
125-129	35.7432932320306	37.0	37.0	37.0	37.0	37.0
130-134	35.627394909900936	37.0	37.0	37.0	37.0	37.0
135-139	35.61257507268112	37.0	37.0	37.0	37.0	37.0
140-144	35.56285795042969	37.0	37.0	37.0	37.0	37.0
145-149	35.382748154299065	37.0	37.0	37.0	37.0	37.0
150	35.27202721391736	37.0	37.0	37.0	37.0	37.0
>>END_MODULE
>>Per sequence quality scores	pass
#Quality	Count
11	3.0
12	72.0
13	397.0
14	884.0
15	1538.0
16	2063.0
17	2961.0
18	4132.0
19	5915.0
20	8352.0
21	11992.0
22	16459.0
23	21145.0
24	27060.0
25	33516.0
26	41662.0
27	52953.0
28	67662.0
29	88926.0
30	118078.0
31	159714.0
32	229429.0
33	368002.0
34	773501.0
35	2981488.0
36	1.9587444E7
37	1564791.0
>>END_MODULE
>>Per base sequence content	fail
#Base	G	A	T	C
1	30.61468879585919	12.581783580269374	19.003278431442677	37.80024919242876
2	26.048421712532722	21.898942326206758	31.703381330281267	20.349254630979257
3	28.14191777888532	24.883497943973474	21.332905415595995	25.641678861545213
4	29.944968958705186	30.282051616156874	17.473499089936055	22.29948033520189
5	28.813939429209757	30.572092108490523	20.054455958373012	20.559512503926708
6	23.03412297504419	32.729543392948734	20.91930807092771	23.317025561079365
7	20.41253200833209	16.316737943195488	38.4893255630014	24.78140448547102
8	22.360355059634955	19.885507677280582	27.389021510355754	30.365115752728713
9	23.77549847939287	19.840475436527104	28.080496630147817	28.303529453932207
10-14	25.32137563350351	25.603406233340987	24.30378302537866	24.771435107776846
15-19	25.373017697766144	24.136426634952148	25.183660659960577	25.306895007321128
20-24	25.325918215413378	24.879739461834728	24.86795274568469	24.926389577067205
25-29	25.298856838322486	24.823735173894185	24.80394315062675	25.07346483715658
30-34	25.218684367941574	24.93192087763421	24.819349822600856	25.030044931823365
35-39	25.29228828322234	24.827500534101098	24.726800266517497	25.153410916159064
40-44	25.307044428325483	24.79902188363716	24.758087441175032	25.135846246862332
45-49	25.339445867792808	24.756280416013407	24.66606919687017	25.238204519323617
50-54	25.233565415373967	24.812403916904113	24.762601195809438	25.19142947191248
55-59	25.35921600027414	24.72475835773023	24.635746959713416	25.28027868228221
60-64	25.21448034616311	24.75681976564983	24.699129581928666	25.329570306258393
65-69	25.353142084212905	24.77559374449252	24.64707686791827	25.224187303376304
70-74	25.324992733129925	24.76804880554895	24.627943321202842	25.279015140118283
75-79	25.322673200812996	24.721804986594794	24.641682346628816	25.313839465963394
80-84	25.283302651143142	24.75584084204238	24.646322056532085	25.314534450282387
85-89	25.38402912039691	24.772034635599052	24.559137017612496	25.28479922639154
90-94	25.33343962242885	24.759569449988934	24.596935976089263	25.31005495149295
95-99	25.405344618154302	24.793343283350538	24.594585454819327	25.206726643675832
100-104	25.461941948416854	24.754795532419603	24.510851088716038	25.272411430447505
105-109	25.433965788259666	24.779603195840878	24.595321408113268	25.19110960778619
110-114	25.477673618775963	24.78564901776028	24.501387631147086	25.23528973231667
115-119	25.54620439730947	24.808140300668637	24.522945789474026	25.12270951254787
120-124	25.60736876483537	24.771591774885106	24.445579750264223	25.175459710015296
125-129	25.626926933785104	24.86439143483342	24.479053015346995	25.029628616034483
130-134	25.79970859153633	24.81402028472222	24.332547106455948	25.0537240172855
135-139	25.768738179036806	24.860442659475364	24.419418635873505	24.95140052561433
140-144	25.97205234561421	24.859217599111723	24.290318060595702	24.878411994678363
145-149	26.029781786231638	24.91318627344533	24.332746013143534	24.724285927179494
150	26.034334794452104	24.944508297991195	24.322249233085554	24.698907674471148
>>END_MODULE
>>Per sequence GC content	pass
#GC Content	Count
0	4281.0
1	3328.5
2	1939.0
3	1363.5
4	1078.5
5	898.0
6	782.5
7	742.5
8	740.0
9	706.5
10	706.0
11	738.5
12	818.0
13	966.5
14	1143.5
15	1411.5
16	1907.5
17	2674.5
18	3642.5
19	5082.5
20	7434.0
21	10818.5
22	15635.0
23	23128.0
24	33621.5
25	44988.5
26	58495.0
27	75258.0
28	93224.0
29	113823.0
30	135393.5
31	158931.0
32	188249.5
33	221573.5
34	259862.0
35	300419.0
36	345448.5
37	389447.0
38	437724.5
39	495646.0
40	551161.0
41	600658.5
42	650210.5
43	703475.0
44	757852.0
45	809858.5
46	854686.0
47	898585.5
48	940094.0
49	973972.0
50	1010493.0
51	1045492.5
52	1061527.0
53	1069993.0
54	1065010.0
55	1040025.0
56	1002031.0
57	948164.0
58	888735.0
59	823652.0
60	738680.0
61	643663.0
62	551871.0
63	465417.5
64	387794.5
65	318010.5
66	262700.0
67	225069.0
68	194993.0
69	162132.0
70	134438.5
71	116130.5
72	104556.0
73	96283.5
74	87004.0
75	77604.0
76	69237.0
77	62921.0
78	57542.0
79	51158.5
80	43467.5
81	37403.5
82	32199.0
83	27164.5
84	23214.5
85	18534.5
86	13238.5
87	9196.0
88	6532.0
89	4560.5
90	2908.0
91	1820.0
92	1235.5
93	882.5
94	648.0
95	483.5
96	366.5
97	273.5
98	210.0
99	177.5
100	449.0
>>END_MODULE
>>Per base N content	pass
#Base	N-Count
1	7.642297964103285E-6
2	0.0013374021437180749
3	0.0
4	0.0
5	0.0
6	0.0
7	0.0
8	0.0
9	0.0
10-14	0.0
15-19	0.0
20-24	0.0
25-29	0.0
30-34	5.3496085748723E-6
35-39	0.0
40-44	4.585378778461972E-6
45-49	6.113838371282628E-6
50-54	3.171553655102864E-4
55-59	2.827650246718216E-5
60-64	8.406527760513614E-6
65-69	1.3450444416821783E-4
70-74	0.0
75-79	2.9804962060002814E-5
80-84	6.419530289846761E-5
85-89	4.585378778461972E-6
90-94	1.4520366131796242E-5
95-99	0.0
100-104	0.0
105-109	0.0
110-114	0.0
115-119	0.0
120-124	0.0
125-129	0.0
130-134	0.0
135-139	0.0
140-144	0.0
145-149	0.015946418931897917
150	3.821148982051643E-5
>>END_MODULE
>>Sequence Length Distribution	pass
#Length	Count
150	2.6170139E7
>>END_MODULE
>>Sequence Duplication Levels	warn
#Total Deduplicated Percentage	51.12571264267759
#Duplication Level	Percentage of deduplicated	Percentage of total
1	66.6934989994032	34.09752664978193
2	18.10120213758835	18.508737179467268
3	6.719854774058163	10.306720925370685
4	3.095428237670433	6.330238983406739
5	1.6160915557705366	4.131191624229111
6	0.9511765785306686	2.9177748255842535
7	0.6174086609764323	2.2095820448927
8	0.42235202814096884	1.72744387398298
9	0.29535322453261037	1.3590129676988223
>10	1.3826484323703936	12.104619090122554
>50	0.06857443682440537	2.4218295318726564
>100	0.03477047458017066	3.177013743737182
>500	0.0013666034874196987	0.4656972204478427
>1k	2.6559558979313803E-4	0.20146443519375654
>5k	8.260476277263758E-6	0.04114690421164559
>10k+	0.0	0.0
>>END_MODULE
>>Overrepresented sequences	pass
>>END_MODULE
>>Adapter Content	pass
#Position	Illumina Universal Adapter	Illumina Small RNA 3' Adapter	Illumina Small RNA 5' Adapter	Nextera Transposase Sequence	SOLID Small RNA Adapter
1	2.67480428743615E-5	1.1463446946154928E-5	0.0	7.642297964103285E-6	3.8211489820516425E-6
2	2.67480428743615E-5	3.056919185641314E-5	0.0	4.203263880256807E-5	7.642297964103285E-6
3	6.495953269487793E-5	3.056919185641314E-5	0.0	6.495953269487793E-5	3.056919185641314E-5
4	1.337402143718075E-4	3.056919185641314E-5	0.0	6.878068167692957E-5	3.8211489820516427E-5
5	1.413825123359108E-4	3.056919185641314E-5	0.0	8.406527760513615E-5	4.203263880256807E-5
6	1.490248103000141E-4	3.8211489820516427E-5	0.0	9.934987353334272E-5	4.203263880256807E-5
7	1.490248103000141E-4	3.8211489820516427E-5	0.0	1.1845561844360093E-4	4.585378778461971E-5
8	1.872363001205305E-4	4.967493676667136E-5	0.0	1.795940021564272E-4	4.585378778461971E-5
9	2.063420450307887E-4	5.3496085748723E-5	0.0	1.8341515113847885E-4	4.585378778461971E-5
10-11	3.20976514492338E-4	6.495953269487793E-5	0.0	2.158949174859178E-4	4.967493676667135E-5
12-13	4.069523665885E-4	9.361815006026525E-5	0.0	2.579275562884859E-4	6.30489582038521E-5
14-15	5.426031554513332E-4	1.0126044802436854E-4	0.0	2.99960195091054E-4	7.06912561679554E-5
16-17	6.476847524577535E-4	1.1272389497052347E-4	0.0	3.247976634743896E-4	7.833355413205868E-5
18-19	7.947989882667418E-4	1.337402143718075E-4	0.0	3.7638317473208686E-4	8.406527760513615E-5
20-21	0.0010030516077885563	1.4711423580898825E-4	0.0	4.661801758103004E-4	9.74392990423169E-5
22-23	0.0012705320365321714	1.60488257246169E-4	0.0	5.808146452718498E-4	1.1272389497052346E-4
24-25	0.001488337528509115	1.7386227868334978E-4	0.0	8.253681801231548E-4	1.2227676742565256E-4
26-27	0.0017749237021629882	1.8150457664745304E-4	0.0	8.597585209616196E-4	1.490248103000141E-4
28-29	0.0020271195349783966	2.1589491748591784E-4	0.0	8.845959893449553E-4	1.795940021564272E-4
30-31	0.0023901286882733025	2.311795134141244E-4	0.0	9.342709261116267E-4	1.9105744910258215E-4
32-33	0.002716836926238718	2.330900879051502E-4	0.0	0.0010297996506629177	2.025208960487371E-4
34-35	0.0031027729734259338	2.3500066239617602E-4	0.0	0.001081385161920615	2.120737685038662E-4
36-37	0.0035957011921105963	2.502852583243826E-4	0.0	0.0011100437792860023	2.2544778994104694E-4
38-39	0.004010295856663199	2.579275562884859E-4	0.0	0.0011482552691065187	2.426429603602793E-4
40-41	0.0043752155844491315	2.770333011987441E-4	0.0	0.0011921984824001127	2.445535348513051E-4
42-43	0.0048242005898402	2.9422847161797655E-4	0.0	0.0012074830783283192	2.4646410934233093E-4
44-45	0.005282738467686397	3.076024930551573E-4	0.0	0.001260979164077042	2.483746838333568E-4
46-47	0.005798593580263368	3.2288708898336386E-4	0.0	0.0013297598457539719	2.598381307795117E-4
48-49	0.006385139949008295	3.247976634743897E-4	0.0	0.001337402143718075	2.655698542525892E-4
50-51	0.0070595727443404106	3.324399614384929E-4	0.0	0.0013507761651552557	2.713015777256666E-4
52-53	0.007865835179553308	3.343505359295187E-4	0.0	0.001358418463119359	2.713015777256666E-4
54-55	0.008643438997400816	3.458139828756737E-4	0.0	0.0014176462723411594	2.827650246718216E-4
56-57	0.009537587859200902	3.496351318577253E-4	0.0	0.0014826058050360375	2.99960195091054E-4
58-59	0.010611330723157413	3.7638317473208686E-4	0.0	0.0015036221244373216	3.247976634743896E-4
60-61	0.012334668914062704	3.821148982051643E-4	0.0	0.001593419125515535	3.458139828756737E-4
62-63	0.01416499927646544	3.897571961692676E-4	0.0	0.0016755738286296454	3.706514512590094E-4
64-65	0.016151996747132295	4.088629410795258E-4	0.0	0.001721427616414265	3.74472600241061E-4
66-67	0.018299482475045318	4.2987926048080986E-4	0.0	0.00175581795725273	3.74472600241061E-4
68-69	0.02116534421158405	4.60448452337223E-4	0.0	0.0017672814041988848	3.782937492231127E-4
70-71	0.025015151811001078	5.063022401218427E-4	0.0	0.0018112246174924788	3.897571961692676E-4
72-73	0.02961390461090023	5.292291340141526E-4	0.0	0.00186089955425915	4.088629410795258E-4
74-75	0.03498261893068279	5.483348789244107E-4	0.0	0.0019239485124630021	4.203263880256807E-4
76-77	0.040830887447712835	5.578877513795398E-4	0.0	0.001946875406355312	4.241475370077324E-4
78-79	0.048322250027025074	5.712617728167205E-4	0.0	0.0019621600022835185	4.317898349718356E-4
80-81	0.05748918643496696	5.88456943235953E-4	0.0	0.0021341117064758424	4.470744309000422E-4
82-83	0.0688934055719001	5.922780922180046E-4	0.0	0.0022200875585720046	4.470744309000422E-4
84-85	0.08247376905411163	6.056521136551854E-4	0.0	0.0022735836443207274	4.585378778461972E-4
86-87	0.0979494224314208	6.190261350923662E-4	0.0	0.0022945999637220115	4.623590268282488E-4
88-89	0.11644951522802381	6.285790075474952E-4	0.0	0.002304152836177141	4.757330482654295E-4
90-91	0.13818994236140664	6.457741779667277E-4	0.0	0.0023137057086322697	4.891070697026102E-4
92-93	0.16399989316067445	6.572376249128826E-4	0.0	0.002334722028033554	4.891070697026102E-4
94-95	0.193487699855167	6.725222208410892E-4	0.0	0.002344274900488683	5.005705166487652E-4
96-97	0.22706222538596374	7.030914126975023E-4	0.0	0.002355738347434838	5.139445380859459E-4
98-99	0.2652928209513904	7.202865831167347E-4	0.0	0.0023710229433630443	5.330502829962041E-4
100-101	0.3087125368344432	7.432134770090445E-4	0.0	0.0023996815607284314	5.387820064692816E-4
102-103	0.3594478424436339	7.60408647428277E-4	0.0	0.0024111450076745866	5.540666023974882E-4
104-105	0.41502645438757507	7.699615198834061E-4	0.0	0.002422608454620742	5.827252197628755E-4
106-107	0.47457906127285	8.005307117398192E-4	0.0	0.002439803625039974	5.903675177269788E-4
108-109	0.5403181083600663	8.502056485064906E-4	0.0	0.0024455353485130513	5.922780922180046E-4
110-111	0.6148400663825286	8.788642658718779E-4	0.0	0.002470372816896387	6.075626881462112E-4
112-113	0.6983550985342493	8.903277128180328E-4	0.0	0.0024761045403694647	6.09473262637237E-4
114-115	0.7896308842685169	9.056123087462394E-4	0.0	0.0024875679873156194	6.132944116192887E-4
116-117	0.8880541291737121	9.170757556923943E-4	0.0	0.0024971208597707488	6.247578585654437E-4
118-119	0.994520892686126	9.438237985667558E-4	0.0	0.0025296006261181876	6.30489582038521E-4
120-121	1.1119237845851715	9.571978200039366E-4	0.0	0.0025525275200104975	6.476847524577535E-4
122-123	1.2432738702687058	9.801247138962466E-4	0.0	0.0025601698179746005	6.591481994039084E-4
124-125	1.3862880132199527	0.0010068727567706078	0.0	0.0025716332649207557	6.706116463500633E-4
126-127	1.537911204827762	0.001016425629225737	0.0	0.0025754544139028075	6.801645188051924E-4
128-129	1.7008163388050785	0.001025978501680866	0.0	0.0025773649883938333	6.897173912603215E-4
130-131	1.880054974106175	0.0010431736721000983	0.0	0.0025945601588130652	7.260183065898122E-4
132-133	2.0774994737322565	0.0010622794170103565	0.0	0.002609844754741272	7.661403709013543E-4
134-135	2.2907539772715766	0.0010737428639565117	0.0	0.0026193976271964015	7.699615198834061E-4
136-137	2.5195987686576675	0.0010813851619206147	0.0	0.0026365927976156334	7.833355413205868E-4
138	2.6992749255172086	0.0010852063109026665	0.0	0.002644235095579737	7.9097783928469E-4
>>END_MODULE
>>Kmer Content	fail
#Sequence	Count	PValue	Obs/Exp Max	Max Obs/Exp Position
GATCGTA	5115	0.0	12.527652	5
ATCGTAC	5315	0.0	11.785317	6
CGCGAGT	3670	0.0	11.378602	1
CGTACTA	4685	0.0	11.218597	8
CCGGGAT	14185	0.0	10.760526	1
CGCGTAT	1100	1.4695615E-8	10.472594	1
GGATCGT	7870	0.0	10.154851	4
CGCGGTT	5490	0.0	9.311357	1
GGGATCG	10795	0.0	9.204108	3
CTCGTAT	5365	0.0	8.991498	1
CGGGATT	7815	0.0	8.844417	2
CGCGAAT	1145	2.9821713E-6	8.803381	1
GTCGGTT	7265	0.0	8.721155	1
TCGACCG	3470	0.0	8.714553	7
CGCGTTT	2405	0.0	8.382429	1
CGCGGAT	3875	0.0	8.361183	1
ATCGACC	7450	0.0	8.311273	6
CGGGAAT	8380	0.0	8.248105	1
CGGGAAC	13630	0.0	8.2405405	1
CGGCGAT	7210	0.0	7.988803	1
>>END_MODULE
