##FastQC	0.11.5
>>Basic Statistics	pass
#Measure	Value
Filename	MTWT2_2.fq
File type	Conventional base calls
Encoding	Sanger / Illumina 1.9
Total Sequences	30573628
Sequences flagged as poor quality	0
Sequence length	150
%GC	50
>>END_MODULE
>>Per base sequence quality	pass
#Base	Mean	Median	Lower Quartile	Upper Quartile	10th Percentile	90th Percentile
1	36.59989465430795	37.0	37.0	37.0	37.0	37.0
2	36.61152376158957	37.0	37.0	37.0	37.0	37.0
3	36.635930220646365	37.0	37.0	37.0	37.0	37.0
4	36.61965312065679	37.0	37.0	37.0	37.0	37.0
5	36.61792738499991	37.0	37.0	37.0	37.0	37.0
6	36.58657062223691	37.0	37.0	37.0	37.0	37.0
7	36.56251740879427	37.0	37.0	37.0	37.0	37.0
8	36.61928502564367	37.0	37.0	37.0	37.0	37.0
9	36.61658799537955	37.0	37.0	37.0	37.0	37.0
10-14	36.60904003934371	37.0	37.0	37.0	37.0	37.0
15-19	36.60097175251822	37.0	37.0	37.0	37.0	37.0
20-24	36.57587731491991	37.0	37.0	37.0	37.0	37.0
25-29	36.535399122407064	37.0	37.0	37.0	37.0	37.0
30-34	36.511002613101724	37.0	37.0	37.0	37.0	37.0
35-39	36.48683504620387	37.0	37.0	37.0	37.0	37.0
40-44	36.44476291135615	37.0	37.0	37.0	37.0	37.0
45-49	36.417953708339745	37.0	37.0	37.0	37.0	37.0
50-54	36.37699120300672	37.0	37.0	37.0	37.0	37.0
55-59	36.35888494489434	37.0	37.0	37.0	37.0	37.0
60-64	36.327345684980536	37.0	37.0	37.0	37.0	37.0
65-69	36.2751985469307	37.0	37.0	37.0	37.0	37.0
70-74	36.24561124378174	37.0	37.0	37.0	37.0	37.0
75-79	36.19887677052917	37.0	37.0	37.0	37.0	37.0
80-84	36.165611297422736	37.0	37.0	37.0	37.0	37.0
85-89	36.12477746507546	37.0	37.0	37.0	37.0	37.0
90-94	36.08707484110162	37.0	37.0	37.0	37.0	37.0
95-99	36.03028149619666	37.0	37.0	37.0	37.0	37.0
100-104	35.97321177584813	37.0	37.0	37.0	37.0	37.0
105-109	35.95331526896317	37.0	37.0	37.0	37.0	37.0
110-114	35.890928273216375	37.0	37.0	37.0	37.0	37.0
115-119	35.82178069282455	37.0	37.0	37.0	37.0	37.0
120-124	35.7926602887953	37.0	37.0	37.0	37.0	37.0
125-129	35.742889734904864	37.0	37.0	37.0	37.0	37.0
130-134	35.625407439378804	37.0	37.0	37.0	37.0	37.0
135-139	35.60921388851857	37.0	37.0	37.0	37.0	37.0
140-144	35.55959038946899	37.0	37.0	37.0	37.0	37.0
145-149	35.37933479140912	37.0	37.0	37.0	37.0	37.0
150	35.268942240024636	37.0	37.0	37.0	37.0	37.0
>>END_MODULE
>>Per sequence quality scores	pass
#Quality	Count
11	4.0
12	125.0
13	681.0
14	1227.0
15	1544.0
16	2149.0
17	2991.0
18	4295.0
19	6237.0
20	9368.0
21	13500.0
22	18978.0
23	25654.0
24	32975.0
25	41629.0
26	51839.0
27	65553.0
28	83514.0
29	109499.0
30	142831.0
31	192431.0
32	272067.0
33	432075.0
34	889796.0
35	3375534.0
36	2.2913154E7
37	1883978.0
>>END_MODULE
>>Per base sequence content	fail
#Base	G	A	T	C
1	29.57015631708192	12.955388412221696	19.169656225924918	38.304799044771464
2	25.64743513088694	22.535116966279286	32.01127809219928	19.806169810634497
3	27.64166228489468	25.316766462913726	21.53112479814303	25.51044645404857
4	29.434910374391944	30.71872922637771	17.556905578886482	22.28945482034386
5	28.444203612341983	30.78584916386109	20.17471724323983	20.5952299805571
6	22.66357790446067	32.80284891279504	21.065978823317927	23.467594359426368
7	20.160649563735124	16.163534795412566	38.816381228946724	24.859434411905582
8	22.199651935321512	19.73981628873093	27.565459356017545	30.495072419930015
9	23.585820433217805	19.719213565364242	28.256306382742668	28.43865961867528
10-14	25.132300949040133	25.726161775763085	24.403048274153136	24.738489001043646
15-19	25.238108477018166	24.19786555916753	25.27844912615539	25.285576837658912
20-24	25.21777853776464	24.984485321794324	24.909216531319085	24.888519609121953
25-29	25.176591407470518	24.9245022540341	24.871398971688937	25.02750736680645
30-34	25.10502009081278	25.013489567684978	24.892510787614718	24.98897955388753
35-39	25.18803787368643	24.920020613844063	24.788178884102336	25.103762628367164
40-44	25.19684105520094	24.89481997016579	24.836707139784234	25.071631834849033
45-49	25.24691836691092	24.845837393423015	24.7266418519899	25.180602387676167
50-54	25.15837262669362	24.898925306900463	24.804428526476517	25.1382735399294
55-59	25.27712782741491	24.819703372484213	24.698205153143675	25.2049636469572
60-64	25.135015063440825	24.851852702742587	24.75991659948894	25.253215634327645
65-69	25.270801488569063	24.86112092532295	24.703545640803735	25.164531945304248
70-74	25.245259738229297	24.849862764078896	24.697001611977488	25.207875885714316
75-79	25.252103267319782	24.80706015139456	24.692876755001418	25.247959826284237
80-84	25.23183808452054	24.83584089209303	24.70422276661781	25.228098256768618
85-89	25.341004188466037	24.85387389786794	24.623610739758018	25.181511173908007
90-94	25.283342456775497	24.828442469036396	24.667006571880947	25.221208502307157
95-99	25.358724191973554	24.86338422119874	24.650717278302725	25.127174308524978
100-104	25.417947781663337	24.828638590094705	24.586284624121156	25.16712900412081
105-109	25.401632413398893	24.851031745398355	24.63603272729033	25.11130311391242
110-114	25.45159050146093	24.858954913692283	24.562855281682634	25.126599303164156
115-119	25.529707498239983	24.88170196876864	24.5614409909089	25.027149542082476
120-124	25.60563895132105	24.85769107938384	24.484947615637896	25.051722353657212
125-129	25.627512704740173	24.948547159663224	24.52300328897833	24.90093684661827
130-134	25.790309216819146	24.89435143254834	24.372174607475436	24.943164743157077
135-139	25.7818038474204	24.93561052028238	24.46130109256252	24.8212845397347
140-144	25.963004455997172	24.946578796602093	24.337811004961534	24.7526057424392
145-149	26.03787245107616	24.99757465927594	24.365901962690135	24.598650926957767
150	26.065240439026933	24.991376551035152	24.372486680835312	24.570896329102602
>>END_MODULE
>>Per sequence GC content	pass
#GC Content	Count
0	4105.0
1	3095.0
2	1730.5
3	1210.0
4	971.0
5	839.0
6	776.0
7	740.5
8	736.5
9	762.0
10	808.5
11	887.0
12	972.5
13	1111.0
14	1324.5
15	1681.0
16	2191.0
17	3068.5
18	4287.0
19	5940.5
20	8534.5
21	12453.0
22	17704.5
23	25744.0
24	37551.5
25	50288.0
26	65308.5
27	84165.0
28	104672.0
29	128902.5
30	156016.5
31	185427.0
32	220653.5
33	260930.5
34	307580.5
35	356578.5
36	412738.0
37	468882.0
38	525868.0
39	595135.0
40	660687.5
41	716771.5
42	775639.5
43	840576.5
44	905066.5
45	965220.0
46	1018973.5
47	1070863.5
48	1115496.5
49	1147059.0
50	1185601.0
51	1228973.5
52	1251323.5
53	1258150.5
54	1248743.0
55	1220308.5
56	1174226.0
57	1109405.0
58	1033800.5
59	946114.0
60	844182.5
61	737549.5
62	629979.0
63	525473.5
64	434151.5
65	354900.0
66	288343.0
67	240057.0
68	206122.5
69	174290.0
70	147826.0
71	129451.5
72	117007.5
73	107846.0
74	97694.0
75	86767.0
76	76872.0
77	69888.0
78	63485.0
79	56366.5
80	48487.5
81	41957.0
82	35862.5
83	29857.0
84	25527.0
85	20722.0
86	14855.5
87	10273.5
88	7488.0
89	5370.5
90	3422.5
91	2206.5
92	1482.5
93	990.5
94	735.0
95	583.0
96	442.5
97	309.5
98	245.5
99	207.5
100	567.5
>>END_MODULE
>>Per base N content	pass
#Base	N-Count
1	6.541585447432015E-6
2	0.001216734893222355
3	0.0
4	0.0
5	0.0
6	0.0
7	0.0
8	0.0
9	0.0
10-14	0.0
15-19	0.0
20-24	0.0
25-29	0.0
30-34	5.887426902688814E-6
35-39	0.0
40-44	3.2707927237160076E-6
45-49	3.924951268459209E-6
50-54	3.257709552821144E-4
55-59	3.663287850561929E-5
60-64	7.849902536918418E-6
65-69	1.68772904543746E-4
70-74	0.0
75-79	1.9624756342296048E-5
80-84	8.96197206298186E-5
85-89	1.9624756342296046E-6
90-94	2.158723197652565E-5
95-99	0.0
100-104	0.0
105-109	0.0
110-114	0.0
115-119	0.0
120-124	0.0
125-129	0.0
130-134	0.0
135-139	0.0
140-144	0.0
145-149	0.015461691363550313
150	4.579109813202411E-5
>>END_MODULE
>>Sequence Length Distribution	pass
#Length	Count
150	3.0573628E7
>>END_MODULE
>>Sequence Duplication Levels	fail
#Total Deduplicated Percentage	48.97255087441839
#Duplication Level	Percentage of deduplicated	Percentage of total
1	65.20106052160746	31.930622534604534
2	18.37923580287819	18.00156120778768
3	7.0803939647302085	10.402348609460251
4	3.272287609704514	6.4100908576793305
5	1.7581199249589532	4.30498087341905
6	1.0706010953086231	3.145803996372576
7	0.6980852730999099	2.3930911586097308
8	0.47491311556027915	1.8606165370163446
9	0.3466506763341077	1.5278731094181268
>10	1.6009210050013514	13.351168864492301
>50	0.07751885439412713	2.5945421244920155
>100	0.03827132476057337	3.2976933279584557
>500	0.001608591793986797	0.5176866221104203
>1k	3.2476366298531334E-4	0.22919192148069886
>5k	7.476204774001443E-6	0.032728255098440136
>10k+	0.0	0.0
>>END_MODULE
>>Overrepresented sequences	pass
>>END_MODULE
>>Adapter Content	pass
#Position	Illumina Universal Adapter	Illumina Small RNA 3' Adapter	Illumina Small RNA 5' Adapter	Nextera Transposase Sequence	SOLID Small RNA Adapter
1	1.9624756342296048E-5	6.541585447432015E-6	0.0	2.616634178972806E-5	0.0
2	2.2895549066012054E-5	3.270792723716008E-5	0.0	5.887426902688814E-5	3.2707927237160076E-6
3	4.906189085574012E-5	3.5978719960876087E-5	0.0	7.849902536918419E-5	9.812378171148024E-6
4	1.2101933077749228E-4	3.5978719960876087E-5	0.0	1.0139457443519624E-4	2.2895549066012054E-5
5	1.275609162249243E-4	3.5978719960876087E-5	0.0	1.1447774533006028E-4	2.943713451344407E-5
6	1.5045646529093635E-4	4.25203054083081E-5	0.0	1.4718567256722035E-4	3.5978719960876087E-5
7	1.8316439252809644E-4	5.560347630317213E-5	0.0	1.5372725801465235E-4	3.5978719960876087E-5
8	2.2895549066012056E-4	5.560347630317213E-5	0.0	2.616634178972806E-4	4.25203054083081E-5
9	2.485802470024166E-4	5.887426902688814E-5	0.0	2.682050033447126E-4	6.214506175060415E-5
10-11	3.6796418141805086E-4	5.887426902688814E-5	0.0	2.878297596870087E-4	6.378045811246215E-5
12-13	4.595463776820991E-4	7.686362900732619E-5	0.0	3.0418372330558873E-4	7.522823264546818E-5
14-15	5.380454030512833E-4	9.158219626404822E-5	0.0	3.385270469046068E-4	8.17698180929002E-5
16-17	6.263568065916156E-4	9.485298898776422E-5	3.2707927237160076E-6	3.4997482143761283E-4	8.50406108166162E-5
18-19	7.506469300928237E-4	1.0957155624448626E-4	6.541585447432015E-6	3.712349741417669E-4	8.831140354033221E-5
20-21	9.828732134766604E-4	1.1611314169191828E-4	6.541585447432015E-6	4.595463776820991E-4	1.0302997079705424E-4
22-23	0.001229818064117219	1.2265472713935029E-4	6.541585447432015E-6	5.691179339265854E-4	1.0957155624448626E-4
24-25	0.0014636797438629134	1.4391487984350435E-4	6.541585447432015E-6	8.602184863373101E-4	1.1774853805377628E-4
26-27	0.001708989198141614	1.717166179950904E-4	6.541585447432015E-6	9.354467189827782E-4	1.308317089486403E-4
28-29	0.001973923408762611	2.126015270415405E-4	6.541585447432015E-6	9.567068716869324E-4	1.4227948348164636E-4
30-31	0.0023304398156476554	2.240493015745465E-4	6.541585447432015E-6	0.0010090395552663884	1.4555027620536233E-4
32-33	0.0027687260406256005	2.3222628338383656E-4	6.541585447432015E-6	0.0011398712642150287	1.5699805073836838E-4
34-35	0.0031481379965766576	2.4530945427870057E-4	6.541585447432015E-6	0.0011971101368800589	1.586334471002264E-4
36-37	0.0035864242215546023	2.6984039970657066E-4	6.541585447432015E-6	0.001244536631373941	1.668104289095164E-4
38-39	0.004036158221065554	2.960067414962987E-4	6.541585447432015E-6	0.0013066816931245452	1.8152899616623845E-4
40-41	0.004454819689701203	3.0418372330558873E-4	6.541585447432015E-6	0.0013459312058091374	1.9134137433738646E-4
42-43	0.004991229696390627	3.172668942004528E-4	6.541585447432015E-6	0.0013622851694277173	1.9624756342296047E-4
44-45	0.005565253819402787	3.3689165054274876E-4	6.541585447432015E-6	0.0014097116639215992	2.142369234033985E-4
46-47	0.006090216051559206	3.4179783962832284E-4	6.541585447432015E-6	0.0015274602019753757	2.2895549066012056E-4
48-49	0.006746009992664266	3.467040287138968E-4	6.541585447432015E-6	0.0015307309946990917	2.3549707610755256E-4
50-51	0.00754571881361283	3.5978719960876087E-4	6.541585447432015E-6	0.0015470849583176715	2.4530945427870057E-4
52-53	0.008517144252556483	3.728703705036249E-4	6.541585447432015E-6	0.0015601681292125359	2.551218324498486E-4
54-55	0.009434601611558825	3.761411632273409E-4	6.541585447432015E-6	0.0015781574891929736	2.567572288117066E-4
56-57	0.010468172112253083	4.0394290137892697E-4	6.541585447432015E-6	0.0016255839836868558	2.682050033447126E-4
58-59	0.012036517223274909	4.1375527955007495E-4	6.541585447432015E-6	0.0016403025509435778	2.8128817423957663E-4
60-61	0.014380040209817428	4.1866146863564897E-4	6.541585447432015E-6	0.001733520143569484	2.9273594877258266E-4
62-63	0.0170719026214357	4.415570177016611E-4	6.541585447432015E-6	0.0018103837725768103	3.2217308328602676E-4
64-65	0.019951835614667644	4.644525667676731E-4	6.541585447432015E-6	0.0018398209070902543	3.516102177994708E-4
66-67	0.0230378285494937	4.987958903666912E-4	6.541585447432015E-6	0.0018643518525181244	3.6796418141805086E-4
68-69	0.027355274944798832	5.118790612615552E-4	6.541585447432015E-6	0.0018888827979459946	3.777765595891989E-4
70-71	0.033079162211301846	5.167852503471293E-4	6.541585447432015E-6	0.0019199553288212967	3.892243341222049E-4
72-73	0.04012772053090984	5.265976285182773E-4	6.541585447432015E-6	0.0019657464269533208	4.05578297740785E-4
74-75	0.04833904566379888	5.462223848605734E-4	6.541585447432015E-6	0.002019714506894635	4.08849090464501E-4
76-77	0.05729284074497145	5.625763484791534E-4	6.541585447432015E-6	0.002060599415941085	4.1375527955007495E-4
78-79	0.0685410969218308	5.756595193740174E-4	6.541585447432015E-6	0.002086765757730813	4.36650828616087E-4
80-81	0.08265129673194166	5.805657084595913E-4	6.541585447432015E-6	0.0022699301502589093	4.611817740439571E-4
82-83	0.09992108231316219	5.871072939070234E-4	6.541585447432015E-6	0.0023353460047332297	4.611817740439571E-4
84-85	0.11966031640078828	6.132736356967514E-4	6.541585447432015E-6	0.002381137102865254	4.693587558532471E-4
86-87	0.14128189170091293	6.312629956771895E-4	6.541585447432015E-6	0.0024056680482931235	4.726295485769631E-4
88-89	0.16673683607323278	6.394399774864795E-4	6.541585447432015E-6	0.0024171158228261298	4.955250976429752E-4
90-91	0.19638330132099469	6.656063192762076E-4	6.541585447432015E-6	0.0024612715245962958	5.102436648996972E-4
92-93	0.23072171873092717	6.770540938092136E-4	6.541585447432015E-6	0.002485802470024166	5.135144576234132E-4
94-95	0.269053774056517	6.786894901710716E-4	6.541585447432015E-6	0.002489073262747882	5.298684212419933E-4
96-97	0.3114301645849815	6.868664719803616E-4	6.541585447432015E-6	0.002503791830004604	5.560347630317213E-4
98-99	0.358403654286629	6.966788501515096E-4	6.541585447432015E-6	0.002520145793623184	5.609409521172954E-4
100-101	0.41064639106618295	7.195743992175217E-4	6.541585447432015E-6	0.0025512183244984863	5.642117448410114E-4
102-103	0.4695239308857948	7.244805883030957E-4	6.541585447432015E-6	0.002561030702669634	5.740241230121594E-4
104-105	0.533763935375939	7.342929664742437E-4	6.541585447432015E-6	0.0025806554590119303	6.018258611637454E-4
106-107	0.6028496192862686	7.408345519216758E-4	6.541585447432015E-6	0.0025970094226305104	6.198152211441834E-4
108-109	0.6769412514602454	7.735424791588358E-4	6.541585447432015E-6	0.0026035510080779424	6.361691847627635E-4
110-111	0.7604233295440109	7.948026318629899E-4	6.541585447432015E-6	0.0026100925935253743	6.492523556576276E-4
112-113	0.8511076932053991	8.095211991197119E-4	6.541585447432015E-6	0.0026280819535058125	6.721479047236396E-4
114-115	0.9472755408680972	8.1933357729086E-4	6.541585447432015E-6	0.0026477067098481083	6.835956792566457E-4
116-117	1.0519490850088187	8.275105591001499E-4	6.541585447432015E-6	0.0026607898807429727	6.868664719803616E-4
118-119	1.1648552144351334	8.37322937271298E-4	6.541585447432015E-6	0.002682050033447126	6.999496428752257E-4
120-121	1.2878451978286647	8.4386452271873E-4	6.541585447432015E-6	0.0027016747897894225	7.097620210463737E-4
122-123	1.4211823340036713	8.831140354033221E-4	6.541585447432015E-6	0.0027131225643224283	7.163036064938056E-4
124-125	1.5664333326748137	9.174573590023402E-4	6.541585447432015E-6	0.0027212995461317183	7.277513810268117E-4
126-127	1.7192480395195493	9.223635480879142E-4	6.541585447432015E-6	0.0027245703388554345	7.310221737505278E-4
128-129	1.8813419853214672	9.289051335353462E-4	6.541585447432015E-6	0.0027278411315791503	7.326575701123857E-4
130-131	2.057233770228381	9.354467189827782E-4	6.541585447432015E-6	0.0027687260406256005	7.391991555598177E-4
132-133	2.2488057354527893	9.567068716869323E-4	6.541585447432015E-6	0.0027932569860534707	7.457407410072498E-4
134-135	2.455433159584463	9.632484571343643E-4	6.541585447432015E-6	0.002798163175139045	7.457407410072498E-4
136-137	2.6735705033108923	9.697900425817963E-4	6.541585447432015E-6	0.0028226941205669147	7.539177228165398E-4
138	2.844134166870873	9.746962316673703E-4	6.541585447432015E-6	0.002825964913290631	7.653654973495458E-4
>>END_MODULE
>>Kmer Content	fail
#Sequence	Count	PValue	Obs/Exp Max	Max Obs/Exp Position
GATCGTA	5515	0.0	12.271782	5
TCGACCG	3655	0.0	11.228268	7
CGCGAGT	3995	0.0	10.813479	1
ATCGTAC	5940	0.0	10.666491	6
CGTACTA	5160	0.0	10.185878	8
CGGGAAT	9680	0.0	9.9669075	1
CGATTAG	3900	0.0	8.861392	4
CGACAAT	6460	0.0	8.804923	1
CTCGGAT	15570	0.0	8.786097	1
CGCGGTT	5110	0.0	8.735782	1
CGCGTTT	2660	0.0	8.661624	1
GGATCGT	9325	0.0	8.415947	4
TCGGGTC	11145	0.0	8.398356	2
CGGCGAT	7250	0.0	8.34204	1
CTCGGGT	16275	0.0	8.272782	1
GGGATCG	12500	0.0	8.236664	3
ATCGACC	8490	0.0	8.141209	6
CGGAAAT	8335	0.0	8.119948	1
CGCGAAC	3055	0.0	8.013065	1
CTCGGTT	12340	0.0	7.9351425	1
>>END_MODULE
