##FastQC	0.11.5
>>Basic Statistics	pass
#Measure	Value
Filename	MTGFP2_2.fq
File type	Conventional base calls
Encoding	Sanger / Illumina 1.9
Total Sequences	30464426
Sequences flagged as poor quality	0
Sequence length	150
%GC	50
>>END_MODULE
>>Per base sequence quality	pass
#Base	Mean	Median	Lower Quartile	Upper Quartile	10th Percentile	90th Percentile
1	36.64434816529942	37.0	37.0	37.0	37.0	37.0
2	36.58508415684576	37.0	37.0	37.0	37.0	37.0
3	36.61515546033922	37.0	37.0	37.0	37.0	37.0
4	36.59796334255567	37.0	37.0	37.0	37.0	37.0
5	36.60213968909179	37.0	37.0	37.0	37.0	37.0
6	36.5680083386439	37.0	37.0	37.0	37.0	37.0
7	36.55406788232281	37.0	37.0	37.0	37.0	37.0
8	36.61236459863055	37.0	37.0	37.0	37.0	37.0
9	36.610252233211284	37.0	37.0	37.0	37.0	37.0
10-14	36.602770286891335	37.0	37.0	37.0	37.0	37.0
15-19	36.59558074719675	37.0	37.0	37.0	37.0	37.0
20-24	36.56916027894305	37.0	37.0	37.0	37.0	37.0
25-29	36.5290282639824	37.0	37.0	37.0	37.0	37.0
30-34	36.504514478625005	37.0	37.0	37.0	37.0	37.0
35-39	36.479355455441706	37.0	37.0	37.0	37.0	37.0
40-44	36.436933215153964	37.0	37.0	37.0	37.0	37.0
45-49	36.41088684224676	37.0	37.0	37.0	37.0	37.0
50-54	36.36823097208528	37.0	37.0	37.0	37.0	37.0
55-59	36.350196612928144	37.0	37.0	37.0	37.0	37.0
60-64	36.31787810477702	37.0	37.0	37.0	37.0	37.0
65-69	36.26680511886224	37.0	37.0	37.0	37.0	37.0
70-74	36.23682944822266	37.0	37.0	37.0	37.0	37.0
75-79	36.19007588720037	37.0	37.0	37.0	37.0	37.0
80-84	36.15662949303559	37.0	37.0	37.0	37.0	37.0
85-89	36.1164041167229	37.0	37.0	37.0	37.0	37.0
90-94	36.0782230592495	37.0	37.0	37.0	37.0	37.0
95-99	36.021731576363855	37.0	37.0	37.0	37.0	37.0
100-104	35.96436070057581	37.0	37.0	37.0	37.0	37.0
105-109	35.94277159858518	37.0	37.0	37.0	37.0	37.0
110-114	35.88150696159514	37.0	37.0	37.0	37.0	37.0
115-119	35.811107381442206	37.0	37.0	37.0	37.0	37.0
120-124	35.782013171690814	37.0	37.0	37.0	37.0	37.0
125-129	35.73100382721801	37.0	37.0	37.0	37.0	37.0
130-134	35.61403585939876	37.0	37.0	37.0	37.0	37.0
135-139	35.59820055037308	37.0	37.0	37.0	37.0	37.0
140-144	35.54800456112319	37.0	37.0	37.0	37.0	37.0
145-149	35.36849873357207	37.0	37.0	37.0	37.0	37.0
150	35.257211082854475	37.0	37.0	37.0	37.0	37.0
>>END_MODULE
>>Per sequence quality scores	pass
#Quality	Count
11	2.0
12	213.0
13	839.0
14	1350.0
15	1814.0
16	2541.0
17	3511.0
18	4906.0
19	6887.0
20	9927.0
21	13883.0
22	19134.0
23	25445.0
24	33056.0
25	41998.0
26	52847.0
27	66644.0
28	84646.0
29	110541.0
30	143928.0
31	193736.0
32	272690.0
33	432468.0
34	895303.0
35	3407920.0
36	2.2792687E7
37	1845510.0
>>END_MODULE
>>Per base sequence content	fail
#Base	G	A	T	C
1	27.789001616738318	12.97970750996991	19.077029622389368	40.15426125090241
2	27.058259701401898	23.052141008944158	30.93709383444899	18.952505455204953
3	27.579846736649493	25.42378773195989	21.589128250766976	25.407237280623633
4	28.991338947269185	30.827674219103944	17.5859377754237	22.595049058203166
5	28.11666302197849	30.89280592386674	20.34712552929768	20.64340552485709
6	22.59518692392235	32.76444794988095	21.16570323694922	23.47466188924748
7	20.38566556284369	16.31069628556271	38.4951451243493	24.808493027244303
8	22.024255438129707	19.816096321657266	27.75272050095413	30.406927739258897
9	23.512591374608537	19.86104054611106	28.414810769781123	28.211557309499284
10-14	25.17865000968671	25.710308804111392	24.36260180973047	24.748439376471428
15-19	25.220752887318476	24.204691727984635	25.288256538954652	25.286298845742245
20-24	25.226720503448842	25.03644414636271	24.906273303820004	24.830562046368442
25-29	25.187526592491842	24.951235910369686	24.855918834643397	25.005318662495068
30-34	25.08920963256577	25.055355060850125	24.900056535454116	24.95537877112999
35-39	25.18084535713885	24.958699041301482	24.795846801774633	25.06460879978503
40-44	25.195290412248855	24.92976561868013	24.830978260662622	25.043965708408393
45-49	25.228008090249954	24.876067734799143	24.74212526865025	25.15379890630065
50-54	25.144118763041323	24.941769255096304	24.822056092426973	25.0920558894354
55-59	25.261160458014803	24.846006550961654	24.70354852859662	25.189284462426926
60-64	25.11386987895414	24.89732219304633	24.773567340599044	25.215240587400483
65-69	25.260982529089286	24.897357163693655	24.724885555182414	25.116774752034644
70-74	25.222434192589088	24.89432428498735	24.711593121761098	25.171648400662466
75-79	25.23178221180611	24.843661214040885	24.720937054394067	25.20361951975894
80-84	25.203143997584064	24.878620947729154	24.728833655020285	25.189401399666494
85-89	25.315952955829008	24.8917900126694	24.639802322082918	25.15245470941867
90-94	25.24168768501132	24.873782429610326	24.68712073994097	25.197409145437383
95-99	25.331762364404963	24.91186080446748	24.671260177362278	25.085116653765283
100-104	25.388238728016738	24.86383298342795	24.587644618677533	25.160283669877774
105-109	25.37069892601948	24.88486144462397	24.66967078257112	25.074768846785428
110-114	25.430755202806054	24.89226220773042	24.5744646559236	25.102517933539925
115-119	25.49928431279158	24.92718490740643	24.583577579961624	24.989953199840365
120-124	25.57242142031496	24.87858198936688	24.526862905606688	25.022133684711473
125-129	25.601941753309255	24.978542513815952	24.550621764545966	24.86889396832883
130-134	25.76699590532249	24.913373388357947	24.399981145221645	24.919649561097916
135-139	25.745001071085337	24.95225283417452	24.506536246571656	24.79620984816848
140-144	25.934454172876915	24.963588022305096	24.373065817816492	24.728891987001493
145-149	26.003072015998878	25.008821809532883	24.403060181359674	24.58504599310857
150	25.99950578389744	25.035886142011105	24.42758279941516	24.53702527467629
>>END_MODULE
>>Per sequence GC content	pass
#GC Content	Count
0	1638.0
1	1192.5
2	619.5
3	422.0
4	364.5
5	394.5
6	394.5
7	406.5
8	467.0
9	529.0
10	589.5
11	662.0
12	810.0
13	991.0
14	1216.5
15	1640.0
16	2222.5
17	3218.5
18	4629.0
19	6742.0
20	9741.0
21	14155.0
22	20578.0
23	30208.5
24	43810.5
25	58473.5
26	74840.0
27	94547.0
28	116666.0
29	140613.5
30	165836.0
31	193662.0
32	227258.5
33	265967.5
34	310529.0
35	356481.0
36	409196.5
37	463035.5
38	519087.0
39	584964.0
40	648521.5
41	705701.5
42	764240.0
43	826988.5
44	891611.5
45	951773.5
46	1003288.5
47	1055290.5
48	1104418.0
49	1142139.0
50	1181843.5
51	1222473.5
52	1241965.0
53	1250446.0
54	1242239.5
55	1214284.5
56	1170235.0
57	1103756.0
58	1028869.0
59	947121.5
60	846834.0
61	737183.0
62	628661.0
63	526652.0
64	436368.0
65	357294.5
66	292293.0
67	245496.5
68	211594.0
69	177076.5
70	147658.0
71	128344.0
72	115837.5
73	106025.0
74	95179.5
75	84418.5
76	74986.5
77	68227.5
78	62381.5
79	55161.0
80	47185.0
81	40533.5
82	34343.0
83	28671.5
84	24421.5
85	19653.0
86	14013.5
87	9635.0
88	6970.5
89	4877.0
90	3117.0
91	2013.5
92	1363.5
93	998.5
94	723.0
95	551.5
96	438.5
97	340.0
98	255.0
99	228.0
100	683.5
>>END_MODULE
>>Per base N content	pass
#Base	N-Count
1	9.8475513702441E-6
2	0.0013162893664892946
3	0.0
4	0.0
5	0.0
6	0.0
7	0.0
8	0.0
9	0.0
10-14	0.0
15-19	0.0
20-24	0.0
25-29	0.0
30-34	9.19104794556116E-6
35-39	0.0
40-44	5.25202739746352E-6
45-49	8.53454452087822E-6
50-54	3.5057282878068997E-4
55-59	4.332922602907404E-5
60-64	1.444307534302468E-5
65-69	1.6281284932136912E-4
70-74	0.0
75-79	2.888615068604936E-5
80-84	8.534544520878221E-5
85-89	4.59552397278058E-6
90-94	2.166461301453702E-5
95-99	0.0
100-104	0.0
105-109	0.0
110-114	0.0
115-119	0.0
120-124	0.0
125-129	0.0
130-134	0.0
135-139	0.0
140-144	0.0
145-149	0.015391066288266846
150	6.565034246829401E-5
>>END_MODULE
>>Sequence Length Distribution	pass
#Length	Count
150	3.0464426E7
>>END_MODULE
>>Sequence Duplication Levels	fail
#Total Deduplicated Percentage	49.43530610575173
#Duplication Level	Percentage of deduplicated	Percentage of total
1	64.9833432315962	32.12471464429087
2	18.570502987463843	18.36076999446104
3	7.272516565269226	10.78557247689703
4	3.2418876754454464	6.410548383844381
5	1.7636802496147606	4.359403650618715
6	1.0551537957979793	3.129711053035137
7	0.6805873580799721	2.3551531064871796
8	0.4671589495267399	1.847531653591665
9	0.33990474768235995	1.5122965723628192
>10	1.5121442659439093	12.741470600189794
>50	0.07597533091367394	2.581933344942453
>100	0.03545041315036584	3.1132193755425206
>500	0.0014170361759254472	0.4636502136227325
>1k	2.773933396962911E-4	0.21402493011379356
>5k	0.0	0.0
>10k+	0.0	0.0
>>END_MODULE
>>Overrepresented sequences	pass
>>END_MODULE
>>Adapter Content	pass
#Position	Illumina Universal Adapter	Illumina Small RNA 3' Adapter	Illumina Small RNA 5' Adapter	Nextera Transposase Sequence	SOLID Small RNA Adapter
1	4.26727226043911E-5	2.95426541107323E-5	0.0	1.6412585617073502E-5	6.5650342468294E-6
2	4.92377568512205E-5	6.236782534487931E-5	0.0	6.893285959170871E-5	6.5650342468294E-6
3	1.148880993195145E-4	6.565034246829401E-5	0.0	8.20629280853675E-5	2.29776198639029E-5
4	2.429062671326878E-4	6.565034246829401E-5	0.0	1.017580308258557E-4	2.62601369873176E-5
5	2.7573143836683484E-4	6.893285959170871E-5	0.0	1.017580308258557E-4	2.95426541107323E-5
6	3.1512164384781124E-4	8.53454452087822E-5	0.0	1.2473565068975862E-4	2.95426541107323E-5
7	3.413817808351288E-4	9.19104794556116E-5	0.0	1.3130068493658802E-4	3.2825171234147004E-5
8	4.037496061800081E-4	1.050405479492704E-4	0.0	2.067985787751261E-4	3.2825171234147004E-5
9	4.726824657717168E-4	1.050405479492704E-4	0.0	2.232111643921996E-4	3.9390205480976405E-5
10-11	6.039831507083049E-4	1.1652935788122184E-4	0.0	2.527538185029319E-4	4.759649828951315E-5
12-13	7.320013185214782E-4	1.345832020600027E-4	0.0	2.790139554902495E-4	5.908530822146461E-5
14-15	8.81355847636847E-4	1.477132705536615E-4	0.0	3.331754880265921E-4	6.400908390658667E-5
16-17	0.0010897956849736804	1.5263704623878356E-4	0.0	3.6600065926073905E-4	7.713915240024547E-5
18-19	0.001373733416149052	1.8546221747293057E-4	0.0	4.21803450358789E-4	8.042166952366015E-5
20-21	0.001828362037741988	1.9695102740488203E-4	0.0	5.186377054995227E-4	1.0668180651097776E-4
22-23	0.0021533312329600433	2.166461301453702E-4	0.0	6.548621661212326E-4	1.214531335663439E-4
24-25	0.002583340976127369	2.232111643921996E-4	0.0	9.19104794556116E-4	1.3622446062171005E-4
26-27	0.0028984626199751802	2.3469997432415106E-4	0.0	9.716250685307512E-4	1.4607201199195416E-4
28-29	0.0034088940326661658	2.609601113114687E-4	0.0	9.929614298329467E-4	1.6248459760902765E-4
30-31	0.004078527525842765	2.839377311753716E-4	0.0	0.0010241453425053864	1.6904963185585705E-4
32-33	0.0047136945892235094	3.019915753541524E-4	0.0	0.001162011061688804	2.002335445282967E-4
34-35	0.005595050436860356	3.249691952180553E-4	0.0	0.0012309439212805126	2.0679857877512609E-4
36-37	0.006272890222845492	3.4466429795854353E-4	0.0	0.0012867467123785625	2.2813494007732166E-4
38-39	0.007090236986575752	3.5779436645220233E-4	0.0	0.0013474732791617344	2.527538185029319E-4
40-41	0.007679448810228692	3.6271814213732436E-4	0.0	0.0014147648801917357	2.609601113114687E-4
42-43	0.008322822166417972	3.7584821063098317E-4	0.0	0.001434459982932224	2.642426284348834E-4
44-45	0.009041693416445791	3.856957620012272E-4	0.0	0.0015247292038261281	2.691664041200054E-4
46-47	0.009770412217843855	3.955433133714714E-4	0.0	0.0015920208048561296	2.7573143836683484E-4
48-49	0.010554933810339968	4.070321233034228E-4	0.0	0.001598585839102959	2.8557898973707895E-4
50-51	0.011506863776130232	4.201621917970816E-4	0.0	0.0016182809418434471	2.90502765422201E-4
52-53	0.01264097344227001	4.2672722604391103E-4	0.0	0.0016248459760902765	3.019915753541524E-4
54-55	0.013796419469711985	4.464223287843992E-4	0.0	0.001669159957256375	3.2004541953293327E-4
56-57	0.015114350094762988	4.6119365583976535E-4	0.0	0.0017512228853417426	3.348167465882994E-4
58-59	0.016987026113671075	4.776062414568389E-4	0.0	0.0017791242808907674	3.430230393968362E-4
60-61	0.019365209769585022	4.907363099504976E-4	0.0	0.001866110984661257	3.5287059076708025E-4
62-63	0.02232768147346679	5.120726712526932E-4	0.0	0.001941608878499795	3.774894691926905E-4
64-65	0.02529507695303368	5.317677739931814E-4	0.0	0.001964586498363698	3.774894691926905E-4
66-67	0.02877618636241497	5.432565839251328E-4	0.0	0.001974434049733942	3.8405450343951994E-4
68-69	0.03366877813486458	5.629516866656211E-4	0.0	0.00200069418672126	3.9390205480976405E-4
70-71	0.03988422430805032	5.842880479678166E-4	0.0	0.002045008167887358	4.0539086474171546E-4
72-73	0.04728794167991217	6.056244092700121E-4	0.0	0.0020761920805597977	4.1852093323537426E-4
74-75	0.05588649528469698	6.302432876956225E-4	0.0	0.002141842423028092	4.332922602907404E-4
76-77	0.06496593764806205	6.499383904361106E-4	0.0	0.0021697438185771167	4.382160359758625E-4
78-79	0.07601817280259934	6.663509760531841E-4	0.0	0.0022009277312495567	4.5298736303122863E-4
80-81	0.08979325591100912	6.761985274234282E-4	0.0	0.002368336104543706	4.776062414568389E-4
82-83	0.10681803097159946	6.909698544787944E-4	0.0	0.00246517035968444	4.825300171419609E-4
84-85	0.12675768123778205	7.090236986575752E-4	0.0	0.002550515804893222	5.137139298144006E-4
86-87	0.14906402634994664	7.22153767151234E-4	0.0	0.0025915472689359057	5.186377054995226E-4
88-89	0.17501560672766325	7.237950257129414E-4	0.0	0.002607959854552979	5.186377054995226E-4
90-91	0.20486681744799656	7.467726455768443E-4	0.0	0.0026375025086637117	5.202789640612299E-4
92-93	0.23965821643906896	7.582614555087957E-4	3.2825171234147E-6	0.002648991318595663	5.219202226229373E-4
94-95	0.27852650169742244	7.681090068790399E-4	3.2825171234147E-6	0.0026703276798978586	5.252027397463521E-4
96-97	0.3213978165877801	7.82880333934406E-4	3.2825171234147E-6	0.0027080766268171275	5.317677739931814E-4
98-99	0.3683837666923382	8.009341781131869E-4	3.2825171234147E-6	0.0027359780223661524	5.465391010485475E-4
100-101	0.42133076789301727	8.058579537983089E-4	3.2825171234147E-6	0.0027720857107237143	5.662342037890358E-4
102-103	0.4812219340682802	8.173467637302603E-4	3.2825171234147E-6	0.0027835745206556657	5.793642722826946E-4
104-105	0.545976149361882	8.386831250324559E-4	3.2825171234147E-6	0.0028098346576429832	5.990593750231827E-4
106-107	0.6165568325495449	8.468894178409927E-4	3.2825171234147E-6	0.002837736053192008	6.056244092700122E-4
108-109	0.6914244831003873	8.944859161305059E-4	3.2825171234147E-6	0.0028525073802473746	6.072656678317196E-4
110-111	0.7742620852268807	9.076159846241646E-4	3.2825171234147E-6	0.002863996190179326	6.105481849551343E-4
112-113	0.8648447865060711	9.207460531178234E-4	3.2825171234147E-6	0.002878767517234692	6.18754477763671E-4
114-115	0.9630888827513113	9.322348630497749E-4	3.2825171234147E-6	0.002883691292919814	6.384495805041592E-4
116-117	1.0668246301440243	9.502887072285556E-4	3.2825171234147E-6	0.002888615068604936	6.499383904361106E-4
118-119	1.1772731250541204	9.51929965790263E-4	3.2825171234147E-6	0.0029197989812773757	6.5650342468294E-4
120-121	1.2972770273104768	9.535712243519704E-4	3.2825171234147E-6	0.0029378528254561565	6.581446832446473E-4
122-123	1.428695882863508	9.814726199009953E-4	3.2825171234147E-6	0.002944417859702986	6.663509760531841E-4
124-125	1.5693205576891551	0.001002808981203191	3.2825171234147E-6	0.0029509828939498156	6.84404820231965E-4
126-127	1.7168434422496586	0.0010060914983266056	3.2825171234147E-6	0.002957547928196645	6.893285959170871E-4
128-129	1.8751707319218816	0.0010142977911351424	3.2825171234147E-6	0.0029739605138137185	7.057411815341605E-4
130-131	2.045525164334296	0.0010192215668202644	3.2825171234147E-6	0.0029920143579924992	7.385663527683076E-4
132-133	2.23151914958122	0.0010421991866841674	3.2825171234147E-6	0.0030018619093627433	7.516964212619663E-4
134-135	2.4311519934759316	0.0010471229623692895	3.2825171234147E-6	0.00301006820217128	7.631852311939177E-4
136-137	2.6408473936124714	0.0010635355479863629	3.2825171234147E-6	0.003042893373405427	7.713915240024546E-4
138	2.80485179664964	0.0010799481336034363	3.2825171234147E-6	0.0030494584076522563	7.713915240024546E-4
>>END_MODULE
>>Kmer Content	fail
#Sequence	Count	PValue	Obs/Exp Max	Max Obs/Exp Position
CGCGAGT	3925	0.0	15.042045	1
GATCGTA	5660	0.0	11.957387	5
ATCGTAC	5515	0.0	11.357914	6
CGTACTA	4990	0.0	10.677166	8
CGCGGTT	5765	0.0	9.991331	1
CGGAAAT	8590	0.0	9.890574	1
TCGACCG	4120	0.0	9.261972	7
CGGGAAT	9325	0.0	9.110996	1
CGCGAAT	1510	2.4865585E-9	9.059607	1
CGGGGAT	17535	0.0	8.992305	1
GGATCGT	9025	0.0	8.615915	4
CGGGTAT	4600	0.0	8.452178	1
CTCGATT	8515	0.0	8.286557	1
CGGCGAT	7985	0.0	8.205389	1
TCGGGTC	11185	0.0	8.175239	2
CGGGAAC	16325	0.0	8.159269	1
CTCGGGT	16095	0.0	8.096929	1
CTCGGAT	15585	0.0	8.038503	1
CGGGATT	8770	0.0	7.9635153	1
ATCGACC	8090	0.0	7.8317533	6
>>END_MODULE
