##FastQC	0.11.5
>>Basic Statistics	pass
#Measure	Value
Filename	MTMUT1_2.fq
File type	Conventional base calls
Encoding	Sanger / Illumina 1.9
Total Sequences	37395701
Sequences flagged as poor quality	0
Sequence length	150
%GC	50
>>END_MODULE
>>Per base sequence quality	pass
#Base	Mean	Median	Lower Quartile	Upper Quartile	10th Percentile	90th Percentile
1	36.496220488018125	37.0	37.0	37.0	37.0	37.0
2	36.40833920990009	37.0	37.0	37.0	37.0	37.0
3	36.45946797467442	37.0	37.0	37.0	37.0	37.0
4	36.44659879487217	37.0	37.0	37.0	37.0	37.0
5	36.4432266425491	37.0	37.0	37.0	37.0	37.0
6	36.40502171626626	37.0	37.0	37.0	37.0	37.0
7	36.37699180983397	37.0	37.0	37.0	37.0	37.0
8	36.45487231272921	37.0	37.0	37.0	37.0	37.0
9	36.45082986945478	37.0	37.0	37.0	37.0	37.0
10-14	36.44850394434377	37.0	37.0	37.0	37.0	37.0
15-19	36.44127092041943	37.0	37.0	37.0	37.0	37.0
20-24	36.41003202480413	37.0	37.0	37.0	37.0	37.0
25-29	36.36135196930792	37.0	37.0	37.0	37.0	37.0
30-34	36.33072170515001	37.0	37.0	37.0	37.0	37.0
35-39	36.3015248570952	37.0	37.0	37.0	37.0	37.0
40-44	36.24934921797562	37.0	37.0	37.0	37.0	37.0
45-49	36.218861740284	37.0	37.0	37.0	37.0	37.0
50-54	36.16937459736348	37.0	37.0	37.0	37.0	37.0
55-59	36.150142065795215	37.0	37.0	37.0	37.0	37.0
60-64	36.11252876901545	37.0	37.0	37.0	37.0	37.0
65-69	36.05117286610031	37.0	37.0	37.0	37.0	37.0
70-74	36.01764657921508	37.0	37.0	37.0	37.0	37.0
75-79	35.96272799378731	37.0	37.0	37.0	37.0	37.0
80-84	35.92525580413641	37.0	37.0	37.0	37.0	37.0
85-89	35.87881378664355	37.0	37.0	37.0	37.0	37.0
90-94	35.83672359558121	37.0	37.0	37.0	37.0	37.0
95-99	35.77206202926909	37.0	37.0	37.0	37.0	37.0
100-104	35.706810186550584	37.0	37.0	37.0	37.0	37.0
105-109	35.687816270645655	37.0	37.0	37.0	37.0	37.0
110-114	35.61808685442212	37.0	37.0	37.0	37.0	37.0
115-119	35.539384888118555	37.0	37.0	37.0	37.0	37.0
120-124	35.509559834163824	37.0	37.0	37.0	37.0	37.0
125-129	35.45231754313149	37.0	37.0	37.0	37.0	37.0
130-134	35.32062148534133	37.0	37.0	37.0	34.6	37.0
135-139	35.30873917833497	37.0	37.0	37.0	37.0	37.0
140-144	35.258996604984084	37.0	37.0	37.0	29.8	37.0
145-149	35.06217716843976	37.0	37.0	37.0	25.0	37.0
150	34.93947740142644	37.0	37.0	37.0	25.0	37.0
>>END_MODULE
>>Per sequence quality scores	pass
#Quality	Count
11	17.0
12	249.0
13	1109.0
14	1716.0
15	2179.0
16	2958.0
17	4447.0
18	6512.0
19	9530.0
20	13961.0
21	20171.0
22	28337.0
23	37392.0
24	48759.0
25	62293.0
26	79369.0
27	100411.0
28	127144.0
29	164628.0
30	216529.0
31	296328.0
32	439105.0
33	755708.0
34	1734680.0
35	6473397.0
36	2.5563826E7
37	1204946.0
>>END_MODULE
>>Per base sequence content	fail
#Base	G	A	T	C
1	30.622851541143724	12.677473274267543	18.744563713353042	37.95511147123569
2	25.758999494667535	22.103143605421053	31.999351360307553	20.138505539603855
3	27.907761376100424	25.011949903011576	21.45213162336494	25.62815709752305
4	29.702390122329835	30.535135576145507	17.52749600816415	22.234978293360513
5	28.627656959820058	30.643123924859704	20.108691103290187	20.620528012030046
6	22.91122447470633	32.82350021998518	20.987757389545926	23.277517915762562
7	20.28929207664806	16.269410219105133	38.55683839166433	24.88445931258248
8	22.333008278144057	19.883724067640824	27.325485889407446	30.457781764807674
9	23.737324779658497	19.808464079868433	28.071427247747003	28.382783892726067
10-14	25.270384956816294	25.628329844652463	24.294360466728516	24.80692473180273
15-19	25.354551315938696	24.181063486415187	25.170762275588842	25.293622922057267
20-24	25.322039022613858	24.922572784502687	24.82821648402847	24.927171708854985
25-29	25.29870692890608	24.864901449500838	24.764692069818402	25.071699551774678
30-34	25.207033968227023	24.95690413511509	24.790349688126703	25.04571220853119
35-39	25.287803536561597	24.857687251269873	24.694903299178694	25.159605912989836
40-44	25.29654799883409	24.844367133119583	24.735296304120528	25.123788563925796
45-49	25.349494065084926	24.789080960470017	24.634518802448177	25.226906171996877
50-54	25.24947994509831	24.83784028862669	24.711030619107273	25.20164914716772
55-59	25.367426454982866	24.751841574632035	24.605604392707548	25.27512757767755
60-64	25.23171717036553	24.78634078981163	24.684283057318417	25.297658982504416
65-69	25.365879543906626	24.8002756513802	24.617847971199893	25.215996833513277
70-74	25.339024932304383	24.78855256651025	24.60214878710256	25.2702737140828
75-79	25.332302177135247	24.73963177641284	24.623739818760516	25.304326227691405
80-84	25.306874021290465	24.77018409553243	24.624816468062217	25.298125415114892
85-89	25.410474865235976	24.793804502689856	24.536225691530174	25.25949494054399
90-94	25.347629596070608	24.768477354638748	24.583861981542583	25.30003106774807
95-99	25.42207993373356	24.804027072523656	24.566324883173067	25.207568110569717
100-104	25.47604602999687	24.756535517277776	24.511818083046496	25.255600369678856
105-109	25.462541269115402	24.786464625973988	24.557309408372905	25.19368469653771
110-114	25.49619433527934	24.788842439402327	24.491120516767424	25.223842708550908
115-119	25.566861816549448	24.818320694135405	24.49292179333662	25.12189569597853
120-124	25.63974613017683	24.778608107921283	24.42045089621398	25.161194865687904
125-129	25.64721115937899	24.871750365102127	24.458959065909742	25.022079409609145
130-134	25.794655915127784	24.80815963310863	24.329716402428183	25.067468049335407
135-139	25.767065043118194	24.848119306548096	24.414921383610377	24.969894266723333
140-144	25.94266223275237	24.84371505697941	24.29973862503607	24.913884085232148
145-149	25.969548068644983	24.873851999072713	24.35520754884739	24.801392383434916
150	25.97981499575272	24.87830814263529	24.349019761158523	24.792857100453467
>>END_MODULE
>>Per sequence GC content	pass
#GC Content	Count
0	3273.0
1	2730.5
2	1860.5
3	1374.5
4	1113.5
5	991.0
6	931.0
7	835.5
8	798.0
9	822.5
10	888.0
11	961.5
12	1046.0
13	1246.5
14	1521.5
15	1934.5
16	2643.5
17	3726.5
18	5264.5
19	7464.5
20	10857.5
21	15696.5
22	22665.0
23	33298.0
24	47685.0
25	63567.5
26	82444.5
27	106163.0
28	132202.0
29	161089.5
30	192382.5
31	227445.5
32	269609.0
33	317873.5
34	373583.0
35	433148.0
36	500843.0
37	565522.0
38	633134.0
39	714438.5
40	793701.5
41	863694.5
42	933763.0
43	1010407.0
44	1087928.5
45	1161366.5
46	1224585.0
47	1287158.5
48	1348504.5
49	1393853.0
50	1440572.0
51	1489148.0
52	1513612.0
53	1524695.5
54	1516962.5
55	1483796.5
56	1433697.5
57	1360275.5
58	1269390.0
59	1165078.5
60	1042907.0
61	915288.5
62	787477.0
63	662666.0
64	550017.5
65	449631.5
66	366013.5
67	307527.0
68	265202.5
69	224910.5
70	191535.0
71	167284.5
72	150539.0
73	137075.0
74	124090.5
75	111588.0
76	99500.0
77	91080.0
78	83415.5
79	73504.5
80	63247.5
81	55377.5
82	48333.5
83	41722.5
84	36583.0
85	30444.5
86	21727.0
87	14639.0
88	11011.5
89	7869.5
90	4908.5
91	3334.5
92	2374.0
93	1628.0
94	1158.0
95	932.0
96	717.5
97	525.0
98	452.5
99	397.0
100	815.0
>>END_MODULE
>>Per base N content	pass
#Base	N-Count
1	0.0
2	0.001385185960279231
3	0.0
4	0.0
5	0.0
6	0.0
7	0.0
8	0.0
9	0.0
10-14	0.0
15-19	0.0
20-24	0.0
25-29	0.0
30-34	4.813387506761807E-6
35-39	0.0
40-44	2.674104170423226E-6
45-49	4.2785666726771616E-6
50-54	3.4763354215501936E-4
55-59	3.529817504958658E-5
60-64	1.1766058349862194E-5
65-69	1.609810710594782E-4
70-74	0.0
75-79	2.2997295865639744E-5
80-84	7.968830427861214E-5
85-89	2.1392833363385808E-6
90-94	1.8718729192962583E-5
95-99	0.0
100-104	0.0
105-109	0.0
110-114	0.0
115-119	0.0
120-124	0.0
125-129	0.0
130-134	0.0
135-139	0.0
140-144	0.0
145-149	0.015430650705010183
150	5.080797923804129E-5
>>END_MODULE
>>Sequence Length Distribution	pass
#Length	Count
150	3.7395701E7
>>END_MODULE
>>Sequence Duplication Levels	fail
#Total Deduplicated Percentage	48.040589705883846
#Duplication Level	Percentage of deduplicated	Percentage of total
1	64.99422952527857	31.2236111387395
2	18.076368284141846	17.367987842218202
3	7.169262178585459	10.332467484460048
4	3.4196921030180967	6.5713610096617385
5	1.8390087594474847	4.417353263907152
6	1.1288942076346749	3.253964607019576
7	0.7297507487215082	2.4540359414824064
8	0.5238611046247129	2.013327711211754
9	0.3672929610584596	1.5880473399661765
>10	1.622564636431925	13.300130823166601
>50	0.08346073278231265	2.7554238827092026
>100	0.043240817907837154	3.753723546428804
>500	0.0018930608652314076	0.5991368595967491
>1k	4.746812893498103E-4	0.34309414332678273
>5k	6.198212547478742E-6	0.02633440610528673
>10k+	0.0	0.0
>>END_MODULE
>>Overrepresented sequences	pass
>>END_MODULE
>>Adapter Content	pass
#Position	Illumina Universal Adapter	Illumina Small RNA 3' Adapter	Illumina Small RNA 5' Adapter	Nextera Transposase Sequence	SOLID Small RNA Adapter
1	2.1392833363385808E-5	1.0696416681692904E-5	0.0	2.9415145874655487E-5	0.0
2	3.7437458385925165E-5	4.011156255634839E-5	0.0	7.22008126014271E-5	0.0
3	8.557133345354323E-5	4.011156255634839E-5	0.0	7.754902094227355E-5	2.1392833363385808E-5
4	1.7381677107750968E-4	4.545977089719484E-5	0.0	1.1231237515777548E-4	2.4066937533809033E-5
5	1.8451318775920258E-4	4.545977089719484E-5	0.0	1.2568289600989161E-4	2.4066937533809033E-5
6	2.1125422946343485E-4	4.8133875067618066E-5	0.0	1.7114266690708646E-4	2.9415145874655487E-5
7	2.1927654197470453E-4	6.685260426058065E-5	0.0	1.8718729192962583E-4	3.7437458385925165E-5
8	2.754327295535923E-4	7.487491677185033E-5	0.0	2.4334347950851355E-4	4.8133875067618066E-5
9	3.1287018793951744E-4	7.754902094227355E-5	0.0	2.4869168784936E-4	4.8133875067618066E-5
10-11	4.064638339043304E-4	8.824543762396645E-5	0.0	2.8612914623528515E-4	5.749323966409936E-5
12-13	5.000574798691433E-4	1.2167173975425677E-4	0.0	3.142072400247291E-4	6.818965634579227E-5
14-15	6.297515321346697E-4	1.3905341686200773E-4	0.0	3.6902637551840516E-4	7.888607302748517E-5
16-17	7.647937927410427E-4	1.4974983354370066E-4	0.0	4.024526776486955E-4	9.359364596481291E-5
18-19	9.18554782540378E-4	1.4974983354370066E-4	0.0	4.2384551101208134E-4	9.626775013523613E-5
20-21	0.0011578871057932568	1.5777214605497034E-4	0.0	4.80001698590969E-4	1.1632353141341032E-4
22-23	0.001457386772880658	1.764908752479329E-4	0.0	5.575507195332426E-4	1.4039046894721938E-4
24-25	0.0017475270753715781	2.0189486486695354E-4	0.0	7.781643135931587E-4	1.537609897993355E-4
26-27	0.0020991717737822322	2.259618024007626E-4	0.0	8.316463970016232E-4	1.7247971899229806E-4
28-29	0.002465524045130214	2.66073364957111E-4	0.0	8.623985949614903E-4	1.7916497941835614E-4
30-31	0.0028933807123979307	2.794438858092271E-4	0.0	8.971619491769923E-4	1.8050203150356774E-4
32-33	0.003337282004688186	2.888032504057084E-4	0.0	9.653516055227846E-4	1.9788370861131873E-4
34-35	0.003852047057494657	2.954885108317665E-4	0.0	0.0010134854805904027	2.1125422946343485E-4
36-37	0.004422968297880016	3.168813441951523E-4	0.0	0.0010495858868911161	2.152653857190697E-4
38-39	0.004976507861157623	3.3158891713248005E-4	0.0	0.001088360397362253	2.259618024007626E-4
40-41	0.005493947018134517	3.4094828172896133E-4	0.0	0.0011217866994925434	2.3398411491203227E-4
42-43	0.006072890571031147	3.516446984106542E-4	0.0	0.0011445165849411406	2.4468053159372514E-4
44-45	0.006748101874063011	3.650152192627703E-4	0.0	0.0011966616162643936	2.593881045310529E-4
46-47	0.007488828729270244	3.7704868802967484E-4	0.0	0.0012835700018031485	2.620622087014761E-4
48-49	0.008252285469926075	3.9710446930784905E-4	0.0	0.001295603470570053	2.740956774683807E-4
50-51	0.009172177304551665	4.091379380747536E-4	0.0	0.0013397261893820364	2.8078093789443877E-4
52-53	0.010116136076711062	4.1582319850081166E-4	0.0	0.0013597819706602104	2.8345504206486196E-4
54-55	0.011168396067772604	4.291937193529277E-4	0.0	0.001398556481131347	2.9548851083176643E-4
56-57	0.01241051745493419	4.4657539646067874E-4	0.0	0.0014466903561989653	3.101960837690942E-4
58-59	0.01405108036348884	4.639570735684297E-4	0.0	0.0014560497207954464	3.2891481296205675E-4
60-61	0.016095433001777397	4.73316438164911E-4	0.0	0.0015309246375672968	3.422853338141729E-4
62-63	0.01865053953661679	4.853499069318155E-4	0.0	0.0015897549293166077	3.5699290675150064E-4
64-65	0.021180242081837164	5.027315840395665E-4	0.0	0.0016191700751912634	3.7704868802967484E-4
66-67	0.02408030805466115	5.174391569768942E-4	0.0	0.0016365517522990143	3.8908215679657937E-4
68-69	0.027779931174441684	5.535395632776077E-4	0.0	0.0016539334294067651	4.0378972973390714E-4
70-71	0.03261604856665209	5.762694487262052E-4	0.0	0.0016860226794518439	4.1582319850081166E-4
72-73	0.03833328328301694	5.883029174931097E-4	0.0	0.001716774877411711	4.358789797789858E-4
74-75	0.045144226605084894	6.056845946008607E-4	0.0	0.0017555493878828477	4.519236048015252E-4
76-77	0.05282425378254041	6.123698550269187E-4	0.0	0.0017809533775018684	4.5860886522758326E-4
78-79	0.062243785722856215	6.284144800494581E-4	0.0	0.00182373904422864	4.6529412565364135E-4
80-81	0.0735351905824683	6.364367925607278E-4	0.0	0.002028308013266017	4.786646465057574E-4
82-83	0.08745122868535075	6.39110896731151E-4	0.0	0.002091149461270963	4.786646465057574E-4
84-85	0.10380604979165921	6.605037300945368E-4	0.0	0.00215532796136112	4.840128548466039E-4
86-87	0.12220923469251185	6.725371988614414E-4	0.0	0.0021874172114061986	4.933722194430852E-4
88-89	0.14339215087851942	6.859077197135574E-4	0.0	0.0021927654197470454	5.013945319543548E-4
90-91	0.16783747415244335	7.099746572473665E-4	0.0	0.0022355510864738165	5.054056882099897E-4
92-93	0.19598643170240343	7.300304385255408E-4	0.0	0.0022609550760928376	5.08079792380413E-4
94-95	0.22776548566371307	7.420639072924452E-4	0.0	0.0022769997011153767	5.094168444656245E-4
96-97	0.26289786625473344	7.514232718889265E-4	0.0	0.0022983925344787627	5.308096778290103E-4
98-99	0.3018395082365216	7.674678969114659E-4	0.0	0.0023304817845238414	5.588877716184541E-4
100-101	0.34502094238051584	7.795013656783703E-4	0.0	0.0023692562949949782	5.682471362149355E-4
102-103	0.3940894168556969	7.875236781896401E-4	0.0	0.002387975024187941	5.856288133226865E-4
104-105	0.44715434001357535	8.022312511269678E-4	0.0	0.0024200642742330195	6.003363862600141E-4
106-107	0.5043494170626726	8.196129282347187E-4	0.0	0.0024668610972154257	6.163810112825535E-4
108-109	0.5660811118368927	8.664097512171252E-4	0.0	0.002489590982664023	6.310885842198813E-4
110-111	0.6345395156518125	8.784432199840297E-4	0.0	0.0025163320243682553	6.310885842198813E-4
112-113	0.7092045152462846	8.837914283248762E-4	0.0	0.002521680232709102	6.324256363050929E-4
114-115	0.7888968306811524	8.958248970917807E-4	0.0	0.0025256913889647368	6.337626883903046E-4
116-117	0.8736204731126714	9.212288867108014E-4	0.0	0.0025270284410499485	6.404479488163627E-4
118-119	0.9636695939995883	9.279141471368594E-4	0.0	0.0025470842223281227	6.605037300945368E-4
120-121	1.0616982417310483	9.386105638185523E-4	0.0	0.0025764993682027785	6.671889905205949E-4
122-123	1.1692868118717712	9.720368659488426E-4	0.0	0.0025952180973957406	6.712001467762297E-4
124-125	1.28298036183357	9.974408555678633E-4	0.0	0.0026085886182478568	6.752113030318646E-4
126-127	1.4032388375337583	0.0010001149597382865	0.0	0.0026152738786739153	6.765483551170762E-4
128-129	1.5318405182456667	0.0010081372722495561	0.0	0.0026273073474408193	6.859077197135574E-4
130-131	1.6688455713131303	0.0010161595847608257	0.0	0.002666081857911956	7.073005530769433E-4
132-133	1.818551282138019	0.0010268560014425187	0.0	0.002695497003786612	7.260192822699059E-4
134-135	1.979208786592876	0.0010415635743798465	0.0	0.0027102045767239394	7.340415947811755E-4
136-137	2.146917903745139	0.001053597043146751	0.0	0.0027369456184281717	7.527603239741381E-4
138	2.278745891138663	0.0010616193556580206	0.0	0.002746304983024653	7.647937927410426E-4
>>END_MODULE
>>Kmer Content	fail
#Sequence	Count	PValue	Obs/Exp Max	Max Obs/Exp Position
GATCGTA	7165	0.0	13.364752	5
ATCGTAC	7220	0.0	12.664616	6
CGTACTA	6715	0.0	11.90152	8
CGCGGTT	8395	0.0	10.8064165	1
CGGAAAT	10425	0.0	10.635956	1
CGGGAAT	11825	0.0	10.22916	1
GGATCGT	11395	0.0	10.172718	4
CGCGAGT	5140	0.0	10.0855875	1
GGGATCG	15690	0.0	9.361225	3
CGCGTTT	3255	0.0	9.069111	1
CCGGGAT	19035	0.0	9.040176	1
CTCGGAT	18740	0.0	8.529337	1
CGGGTAT	6065	0.0	8.428677	1
CTCGTAT	7195	0.0	8.405825	1
TCGACCG	4920	0.0	8.194989	7
CCGGAAT	11645	0.0	8.16143	1
CGCGTAT	1350	3.146777E-6	7.999988	1
CCGGTAT	6740	0.0	7.798208	1
GGCGAAT	10005	0.0	7.7721024	1
CGCCGAT	7420	0.0	7.762792	1
>>END_MODULE
