##FastQC	0.11.5
>>Basic Statistics	pass
#Measure	Value
Filename	MTGFP4_1.fq
File type	Conventional base calls
Encoding	Sanger / Illumina 1.9
Total Sequences	36713734
Sequences flagged as poor quality	0
Sequence length	150
%GC	50
>>END_MODULE
>>Per base sequence quality	pass
#Base	Mean	Median	Lower Quartile	Upper Quartile	10th Percentile	90th Percentile
1	36.595477757724126	37.0	37.0	37.0	37.0	37.0
2	36.61413943893585	37.0	37.0	37.0	37.0	37.0
3	36.66918562410459	37.0	37.0	37.0	37.0	37.0
4	36.66486078479514	37.0	37.0	37.0	37.0	37.0
5	36.67359522733373	37.0	37.0	37.0	37.0	37.0
6	36.650837830878224	37.0	37.0	37.0	37.0	37.0
7	36.648785737784124	37.0	37.0	37.0	37.0	37.0
8	36.67979448780666	37.0	37.0	37.0	37.0	37.0
9	36.69060869700696	37.0	37.0	37.0	37.0	37.0
10-14	36.67900025096875	37.0	37.0	37.0	37.0	37.0
15-19	36.66512831410719	37.0	37.0	37.0	37.0	37.0
20-24	36.648985635729666	37.0	37.0	37.0	37.0	37.0
25-29	36.61267961466409	37.0	37.0	37.0	37.0	37.0
30-34	36.58800400961668	37.0	37.0	37.0	37.0	37.0
35-39	36.5852884263965	37.0	37.0	37.0	37.0	37.0
40-44	36.54527152699859	37.0	37.0	37.0	37.0	37.0
45-49	36.52543644838742	37.0	37.0	37.0	37.0	37.0
50-54	36.511715218070705	37.0	37.0	37.0	37.0	37.0
55-59	36.486826907881394	37.0	37.0	37.0	37.0	37.0
60-64	36.45780397057951	37.0	37.0	37.0	37.0	37.0
65-69	36.43557609258704	37.0	37.0	37.0	37.0	37.0
70-74	36.41080436002505	37.0	37.0	37.0	37.0	37.0
75-79	36.39850718534922	37.0	37.0	37.0	37.0	37.0
80-84	36.372347078616414	37.0	37.0	37.0	37.0	37.0
85-89	36.34116984123707	37.0	37.0	37.0	37.0	37.0
90-94	36.29980923215275	37.0	37.0	37.0	37.0	37.0
95-99	36.2804432804356	37.0	37.0	37.0	37.0	37.0
100-104	36.24471357775812	37.0	37.0	37.0	37.0	37.0
105-109	36.21232312681679	37.0	37.0	37.0	37.0	37.0
110-114	36.18539359684853	37.0	37.0	37.0	37.0	37.0
115-119	36.14114911329913	37.0	37.0	37.0	37.0	37.0
120-124	36.11430390599877	37.0	37.0	37.0	37.0	37.0
125-129	36.08452020707019	37.0	37.0	37.0	37.0	37.0
130-134	36.02258373392366	37.0	37.0	37.0	37.0	37.0
135-139	35.98047209254172	37.0	37.0	37.0	37.0	37.0
140-144	35.90337859940915	37.0	37.0	37.0	37.0	37.0
145-149	35.88604775531685	37.0	37.0	37.0	37.0	37.0
150	35.82844518075988	37.0	37.0	37.0	37.0	37.0
>>END_MODULE
>>Per sequence quality scores	pass
#Quality	Count
13	25.0
14	310.0
15	1035.0
16	2252.0
17	3454.0
18	4671.0
19	6500.0
20	8378.0
21	10823.0
22	14584.0
23	19792.0
24	26719.0
25	36613.0
26	51118.0
27	72424.0
28	100929.0
29	139482.0
30	186925.0
31	246120.0
32	328482.0
33	459716.0
34	763328.0
35	2038745.0
36	2.6784158E7
37	5407151.0
>>END_MODULE
>>Per base sequence content	fail
#Base	G	A	T	C
1	29.353254969893516	12.653488839219404	18.287409348722576	39.705846842164505
2	26.81673285585867	22.103459575372806	31.98636338819937	19.093444180569158
3	27.68586938262682	24.770022600526254	21.579573336516308	25.96453468033062
4	28.920030308004087	30.956919282576923	17.832236840850893	22.290813568568097
5	28.394085439525163	30.77050130613247	20.33649042617131	20.49892282817106
6	22.615667717690137	33.09375351464376	21.01865445225163	23.271924315414473
7	20.338897782777423	16.132312915673907	38.58893642636371	24.93985287518496
8	22.2723654560056	19.859754866546332	27.376585905932266	30.4912937715158
9	23.68004816509226	19.49847313236472	28.3010855395064	28.52039316303663
10-14	25.27721108549844	25.678266934935362	24.221118140363394	24.823403839202797
15-19	25.3334471508673	24.161810400434888	25.15282754949415	25.35191489920366
20-24	25.312707255564447	24.97079158187868	24.788873812846067	24.927627349710807
25-29	25.26946183136807	24.905505389345578	24.774319604756084	25.05071317453027
30-34	25.190110600027772	24.996864116300454	24.788502852910575	25.0245224307612
35-39	25.25364595167574	24.9256052244645	24.718193469506534	25.102555354353225
40-44	25.279971730244988	24.873634858610885	24.733217615300195	25.113175795843933
45-49	25.30245902971762	24.844672291126987	24.65666907070806	25.196199608447333
50-54	25.217722065535476	24.895686175642062	24.748174620429513	25.13841713839295
55-59	25.303184361470834	24.830579205046263	24.63701349473197	25.229222938750933
60-64	25.191577625964168	24.84203105028761	24.692609583105877	25.27378174064234
65-69	25.29649367727075	24.877408002138925	24.674350476037116	25.151747844553213
70-74	25.290395686802107	24.861296320336145	24.630443201446088	25.21786479141566
75-79	25.25536138601429	24.82553095797883	24.668448597464916	25.250659058541963
80-84	25.25471911955346	24.85918920695999	24.658726894954352	25.227364778532195
85-89	25.305416768558597	24.895452475632144	24.59275267397209	25.206378081837165
90-94	25.26622598507687	24.87133615992315	24.614274865095442	25.248162989904543
95-99	25.315775289977317	24.907845657976385	24.631283758824424	25.145095293221875
100-104	25.35941890301869	24.885144616453342	24.54810997976942	25.20732650075854
105-109	25.310768444310238	24.879516749780887	24.627749931401695	25.18196487450718
110-114	25.335190367724515	24.935911994132766	24.546222402766222	25.182675235376493
115-119	25.362732242722746	24.943679795379463	24.539685473232907	25.15390248866488
120-124	25.37941142134984	24.932274663209142	24.48139924966499	25.206914665776026
125-129	25.352563157972437	25.013566312813616	24.50726858782602	25.12660194138793
130-134	25.42906804303806	25.01417643871364	24.366579547588376	25.19017597065992
135-139	25.363210944438396	25.0185916801598	24.419717700193612	25.19847967520819
140-144	25.438559323626613	25.09273069511765	24.323561298854784	25.145148682400947
145-149	25.425804958983466	25.13601422290634	24.314285220893087	25.123895597217107
150	25.32291594202867	25.144519486903725	24.367791083304137	25.164773487763465
>>END_MODULE
>>Per sequence GC content	pass
#GC Content	Count
0	1959.0
1	1465.5
2	767.0
3	476.5
4	341.0
5	289.0
6	270.5
7	288.5
8	303.0
9	293.0
10	337.5
11	414.5
12	509.0
13	678.5
14	904.5
15	1203.0
16	1786.5
17	2862.0
18	4336.0
19	6566.0
20	9977.0
21	15033.0
22	22319.5
23	33201.0
24	48367.5
25	65347.0
26	84979.5
27	108467.0
28	134397.0
29	163585.0
30	193334.5
31	226289.5
32	267163.5
33	313937.5
34	367394.0
35	423504.5
36	487832.0
37	552176.0
38	620671.5
39	701938.0
40	779860.5
41	849593.5
42	920582.0
43	996974.0
44	1074974.5
45	1146464.5
46	1208596.0
47	1270500.5
48	1329307.0
49	1374933.5
50	1422879.0
51	1473485.0
52	1496666.5
53	1503631.0
54	1492744.0
55	1458385.5
56	1405910.0
57	1328554.5
58	1242632.0
59	1149308.5
60	1027613.5
61	894145.5
62	764939.0
63	642902.0
64	535184.5
65	438468.0
66	360936.5
67	308744.5
68	268175.0
69	222292.5
70	183494.5
71	158981.0
72	142976.5
73	131715.5
74	118774.5
75	105459.0
76	93641.5
77	84359.5
78	76583.5
79	67812.0
80	58179.5
81	50067.0
82	42641.5
83	35761.0
84	30082.5
85	23948.0
86	17136.0
87	11937.5
88	8530.5
89	5943.0
90	3837.5
91	2413.5
92	1558.0
93	1026.5
94	721.0
95	582.5
96	439.0
97	301.0
98	236.0
99	152.0
100	64.5
>>END_MODULE
>>Per base N content	pass
#Base	N-Count
1	0.060751107473840715
2	0.021359854053526674
3	0.004785675028315017
4	0.0
5	0.0
6	0.003445577069333236
7	2.4513987054544765E-5
8	4.902797410908953E-5
9	2.1790210715150904E-5
10-14	0.0010715336119175457
15-19	0.0
20-24	8.71608428606036E-6
25-29	0.0
30-34	0.0
35-39	0.0
40-44	2.5603497590302307E-5
45-49	3.2685316072726355E-6
50-54	0.0
55-59	0.0
60-64	0.0
65-69	0.0
70-74	0.0
75-79	0.0
80-84	0.0
85-89	0.0
90-94	0.0
95-99	0.0
100-104	0.0
105-109	0.0
110-114	0.0
115-119	5.447552678787725E-7
120-124	0.0
125-129	0.0
130-134	0.0
135-139	0.0
140-144	2.17902107151509E-6
145-149	0.0
150	0.0
>>END_MODULE
>>Sequence Length Distribution	pass
#Length	Count
150	3.6713734E7
>>END_MODULE
>>Sequence Duplication Levels	fail
#Total Deduplicated Percentage	45.700780833734555
#Duplication Level	Percentage of deduplicated	Percentage of total
1	62.31088313953761	28.47656013916454
2	19.16129046160961	17.513718717550987
3	7.766323409208555	10.647811320244271
4	3.6997532620314417	6.763264518679738
5	2.030407551561405	4.639560525853368
6	1.2487233707075451	3.424057985200067
7	0.8380776296007857	2.6810561450428896
8	0.5622791415260135	2.055727665140861
9	0.40238161125805677	1.6550238444866485
>10	1.8379515171917116	14.275869577110523
>50	0.09223430283735455	2.8941606994783395
>100	0.046825039426035824	3.877468978779336
>500	0.002314607347459449	0.6928595313562933
>1k	5.549561563605509E-4	0.40286035191230585
>5k	0.0	0.0
>10k+	0.0	0.0
>>END_MODULE
>>Overrepresented sequences	pass
>>END_MODULE
>>Adapter Content	pass
#Position	Illumina Universal Adapter	Illumina Small RNA 3' Adapter	Illumina Small RNA 5' Adapter	Nextera Transposase Sequence	SOLID Small RNA Adapter
1	1.3618881696969315E-5	1.6342658036363176E-5	0.0	1.089510535757545E-5	1.089510535757545E-5
2	1.6342658036363176E-5	6.264685580605884E-5	0.0	3.268531607272635E-5	1.089510535757545E-5
3	4.085664509090794E-5	6.264685580605884E-5	0.0	3.813286875151408E-5	2.996153973333249E-5
4	1.0622727723636064E-4	6.264685580605884E-5	0.0	4.35804214303018E-5	2.996153973333249E-5
5	1.2529371161211768E-4	6.264685580605884E-5	0.0	4.630419776969567E-5	3.268531607272635E-5
6	1.4980769866666246E-4	6.53706321454527E-5	0.0	8.171329018181588E-5	3.540909241212022E-5
7	1.6887413304241948E-4	7.626573750302816E-5	0.0	9.260839553939134E-5	4.085664509090794E-5
8	2.2879721250908448E-4	9.260839553939134E-5	0.0	1.3618881696969313E-4	4.630419776969567E-5
9	2.7510141027878017E-4	1.0350350089696678E-4	0.0	1.4980769866666246E-4	5.447552678787726E-5
10-11	3.4591959510302055E-4	1.2120804710302689E-4	0.0	1.743216857212072E-4	6.264685580605886E-5
12-13	4.3035666162423035E-4	1.4436014598787474E-4	0.0	2.1790210715150904E-4	7.35419611636343E-5
14-15	5.420314915393788E-4	1.6342658036363176E-4	0.0	2.519493113939323E-4	7.626573750302816E-5
16-17	6.836678611878595E-4	1.647884685333287E-4	0.0	2.805489629575679E-4	9.260839553939134E-5
18-19	8.36199336193916E-4	1.8385490290908575E-4	0.0	3.336626015757482E-4	1.1439860625454224E-4
20-21	0.0010772535422302726	2.0155944911514584E-4	0.0	4.330804379636242E-4	1.3074126429090543E-4
22-23	0.001291069984872691	2.2334965983029676E-4	0.0	5.284126098424093E-4	1.5389336317575325E-4
24-25	0.0014980769866666246	2.3696854152726606E-4	0.0	7.218007299393737E-4	1.7159790938181335E-4
26-27	0.0017527500743999506	2.4513987054544764E-4	0.0	7.694668158787662E-4	2.001975609454489E-4
28-29	0.0020305752610181244	2.6284441675150774E-4	0.0	8.048759082908864E-4	2.342447651878722E-4
30-31	0.002301591006787814	2.7237763393938625E-4	0.0	8.525419942302791E-4	2.4513987054544764E-4
32-33	0.0026475106018908345	2.7782518661817403E-4	0.0	9.342552844120949E-4	2.6829196943029546E-4
34-35	0.0029593829927514323	2.819108511272648E-4	2.7237763393938626E-6	9.778357058423967E-4	2.7510141027878017E-4
36-37	0.003290321817987786	3.037010618424157E-4	2.7237763393938626E-6	0.0010186923509333046	2.859965156363556E-4
38-39	0.0036389651894302008	3.17319943539385E-4	2.7237763393938626E-6	0.001050015778836334	3.023391736727188E-4
40-41	0.003948113803951404	3.214056080484758E-4	2.7237763393938626E-6	0.0010813392067393634	3.254912725575666E-4
42-43	0.004345785149502908	3.268531607272635E-4	2.7237763393938626E-6	0.001090872423927242	3.309388252363543E-4
44-45	0.0048033795745210765	3.4047204242423283E-4	2.7237763393938626E-6	0.0011480717270545132	3.391101542545359E-4
46-47	0.005293659315611972	3.4183393059392976E-4	2.7237763393938626E-6	0.00125157522795148	3.431958187636267E-4
48-49	0.005854757241527108	3.486433714424144E-4	2.7237763393938626E-6	0.0012733654386666308	3.5681470046059605E-4
50-51	0.00644854048351497	3.677098058181715E-4	2.7237763393938626E-6	0.0012951556493817817	3.595384767999899E-4
52-53	0.007222092963902827	3.7724302300605E-4	2.7237763393938626E-6	0.0013019650902302664	3.6090036496968684E-4
54-55	0.007995645444290683	4.044807863999886E-4	2.7237763393938626E-6	0.0013183077482666295	3.7860491117574694E-4
56-57	0.008874063313745205	4.330804379636242E-4	2.7237763393938626E-6	0.0013659738342060221	3.908619047030193E-4
58-59	0.010088867561114868	4.4397554332119965E-4	2.7237763393938626E-6	0.0013782308277332945	4.126521154181702E-4
60-61	0.011847065188193607	4.466993196605935E-4	2.7237763393938626E-6	0.0014163636964848085	4.249091089454426E-4
62-63	0.014022000595199605	4.548706486787751E-4	2.7237763393938626E-6	0.0014653916705938983	4.426136551515027E-4
64-65	0.01604304263902985	4.644038658666536E-4	2.7237763393938626E-6	0.001507610203854503	4.494230959999874E-4
66-67	0.018238406368581303	4.902797410908953E-4	2.7237763393938626E-6	0.001530762302739351	4.5214687233938124E-4
68-69	0.021234560341914552	5.216031689939247E-4	2.7237763393938626E-6	0.001548466848945411	4.5623253684847203E-4
70-71	0.02541691891105383	5.365839388605909E-4	2.7237763393938626E-6	0.0015607238424726834	4.6712764220604747E-4
72-73	0.03036874429607187	5.474790442181665E-4	2.7237763393938626E-6	0.0015757046123393496	4.8755596475150143E-4
74-75	0.035900734041380805	5.77440583951499E-4	2.7237763393938626E-6	0.0016233706982787422	4.8755596475150143E-4
76-77	0.04230569410346548	5.883356893090744E-4	2.7237763393938626E-6	0.0016778462250666194	5.093461754666523E-4
78-79	0.05001398114395011	6.005926828363468E-4	2.7237763393938626E-6	0.001705083988460558	5.243269453333185E-4
80-81	0.05987677526889529	6.128496763636191E-4	2.7237763393938626E-6	0.00190391966123631	5.502028205575603E-4
82-83	0.07193629501156161	6.223828935514977E-4	2.7237763393938626E-6	0.001981547286909035	5.515647087272573E-4
84-85	0.08559875712996123	6.278304462302854E-4	2.7237763393938626E-6	0.0020537273599029724	5.556503732363481E-4
86-87	0.10139121234576684	6.332779989090731E-4	2.7237763393938626E-6	0.0020986696695029713	5.638217022545296E-4
88-89	0.11966502780676028	6.414493279272547E-4	2.7237763393938626E-6	0.0021163742157090312	5.719930312727112E-4
90-91	0.14150154271968085	6.618776504727086E-4	2.7237763393938626E-6	0.0021613165253090297	5.828881366302867E-4
92-93	0.16623887943405594	6.809440848484657E-4	2.7237763393938626E-6	0.0021871924005332716	5.869738011393775E-4
94-95	0.19537920060106118	6.877535256969503E-4	2.7237763393938626E-6	0.0021967256177211503	5.992307946666498E-4
96-97	0.22813533485861176	7.14991289090889E-4	2.7237763393938626E-6	0.0022266871574544832	6.128496763636191E-4
98-99	0.2651691598571804	7.245245062787675E-4	2.7237763393938626E-6	0.002240306039151452	6.251066698908915E-4
100-101	0.30663729273628226	7.544860460121E-4	2.7237763393938626E-6	0.002262096249866603	6.332779989090731E-4
102-103	0.3541453996479901	7.626573750302816E-4	2.7237763393938626E-6	0.0022716294670544817	6.455349924363455E-4
104-105	0.4073080662402795	7.73552480387857E-4	2.7237763393938626E-6	0.002308400447636299	6.714108676605871E-4
106-107	0.4647157382575142	7.898951384242202E-4	2.7237763393938626E-6	0.0023329144346908434	6.850297493575565E-4
108-109	0.5271269874102155	8.116853491393711E-4	2.7237763393938626E-6	0.0023370000991999344	6.94562966545435E-4
110-111	0.5969360131007104	8.253042308363404E-4	2.7237763393938626E-6	0.002342447651878722	6.972867428848288E-4
112-113	0.6730056387073022	8.32113671684825E-4	2.7237763393938626E-6	0.0023547046454059943	7.040961837333135E-4
114-115	0.7568625408682211	8.33475559854522E-4	2.7237763393938626E-6	0.0023724091916120546	7.136294009211921E-4
116-117	0.8475711024108853	8.552657705696729E-4	2.7237763393938626E-6	0.002386028073309024	7.245245062787675E-4
118-119	0.9453247114553915	8.620752114181576E-4	2.7237763393938626E-6	0.0024078182840241748	7.572098223514939E-4
120-121	1.0516337019819342	8.7433220494543E-4	2.7237763393938626E-6	0.0024255228302302347	7.653811513696755E-4
122-123	1.1693580391468763	9.247220672242164E-4	2.7237763393938626E-6	0.002426884718399932	7.708287040484632E-4
124-125	1.2968144291724726	9.492360542787612E-4	2.7237763393938626E-6	0.00243641793558781	7.74914368557554E-4
126-127	1.43419762206699	9.587692714666397E-4	2.7237763393938626E-6	0.002444589264605992	7.762762567272509E-4
128-129	1.5798856090203193	9.642168241454274E-4	2.7237763393938626E-6	0.0024541224817938704	7.871713620848263E-4
130-131	1.7400096105724359	9.819213703514875E-4	2.7237763393938626E-6	0.0024854459096968996	8.184947899878557E-4
132-133	1.9149686599570614	9.92816475709063E-4	2.7237763393938626E-6	0.002497702903224172	8.33475559854522E-4
134-135	2.1032578707466802	0.0010091591337454261	2.7237763393938626E-6	0.002519493113939323	8.430087770424005E-4
136-137	2.3049725751131716	0.0010241399036120924	2.7237763393938626E-6	0.0025589878708605343	8.593514350787638E-4
138	2.463947143050064	0.0010377587853090617	2.7237763393938626E-6	0.0025685210880484126	8.661608759272484E-4
>>END_MODULE
>>Kmer Content	fail
#Sequence	Count	PValue	Obs/Exp Max	Max Obs/Exp Position
CGCGAGT	5015	0.0	14.082224	1
ATCGTAC	6835	0.0	13.800319	6
GATCGTA	7115	0.0	13.763229	5
CGTACTA	6145	0.0	13.006214	8
TCGACCG	4450	0.0	12.297119	7
CGCGGTT	7595	0.0	11.006426	1
GGATCGT	11095	0.0	10.967271	4
CGGAAAT	10210	0.0	10.234305	1
CGGGGAT	22100	0.0	9.228057	1
CGGGATT	10985	0.0	9.184258	1
CGGGAAT	11450	0.0	9.063024	1
GGGATCG	14460	0.0	9.0129795	3
CGCGAAT	1610	8.1854523E-10	8.9520035	1
ATCGACC	10235	0.0	8.7938385	6
GTCGGTT	10305	0.0	8.531549	1
CTCGGGT	19765	0.0	8.422311	1
CCGGGAT	19185	0.0	8.263746	1
AATCGAG	9005	0.0	8.155917	5
CGATTAG	4805	0.0	8.091695	4
TCGTACT	12645	0.0	8.0857315	7
>>END_MODULE
