##FastQC	0.11.5
>>Basic Statistics	pass
#Measure	Value
Filename	MTWT3_2.fq
File type	Conventional base calls
Encoding	Sanger / Illumina 1.9
Total Sequences	39676528
Sequences flagged as poor quality	0
Sequence length	150
%GC	50
>>END_MODULE
>>Per base sequence quality	pass
#Base	Mean	Median	Lower Quartile	Upper Quartile	10th Percentile	90th Percentile
1	36.59086725027956	37.0	37.0	37.0	37.0	37.0
2	36.62581579718871	37.0	37.0	37.0	37.0	37.0
3	36.631022200329625	37.0	37.0	37.0	37.0	37.0
4	36.61969762071923	37.0	37.0	37.0	37.0	37.0
5	36.6217676607187	37.0	37.0	37.0	37.0	37.0
6	36.5903974259038	37.0	37.0	37.0	37.0	37.0
7	36.56834715981197	37.0	37.0	37.0	37.0	37.0
8	36.627453087629036	37.0	37.0	37.0	37.0	37.0
9	36.618804447808536	37.0	37.0	37.0	37.0	37.0
10-14	36.61300423262842	37.0	37.0	37.0	37.0	37.0
15-19	36.60499687875915	37.0	37.0	37.0	37.0	37.0
20-24	36.57912095534166	37.0	37.0	37.0	37.0	37.0
25-29	36.53976000117753	37.0	37.0	37.0	37.0	37.0
30-34	36.51538504578828	37.0	37.0	37.0	37.0	37.0
35-39	36.4899782057543	37.0	37.0	37.0	37.0	37.0
40-44	36.44833241961091	37.0	37.0	37.0	37.0	37.0
45-49	36.421945372841094	37.0	37.0	37.0	37.0	37.0
50-54	36.3799896755079	37.0	37.0	37.0	37.0	37.0
55-59	36.361476956854695	37.0	37.0	37.0	37.0	37.0
60-64	36.32905920598698	37.0	37.0	37.0	37.0	37.0
65-69	36.27748612479398	37.0	37.0	37.0	37.0	37.0
70-74	36.247786227665884	37.0	37.0	37.0	37.0	37.0
75-79	36.20138894209695	37.0	37.0	37.0	37.0	37.0
80-84	36.16746049452714	37.0	37.0	37.0	37.0	37.0
85-89	36.127154487912854	37.0	37.0	37.0	37.0	37.0
90-94	36.08950830576708	37.0	37.0	37.0	37.0	37.0
95-99	36.032594727038614	37.0	37.0	37.0	37.0	37.0
100-104	35.97615783316524	37.0	37.0	37.0	37.0	37.0
105-109	35.95538827389332	37.0	37.0	37.0	37.0	37.0
110-114	35.89162943894688	37.0	37.0	37.0	37.0	37.0
115-119	35.82046991611766	37.0	37.0	37.0	37.0	37.0
120-124	35.791227135600174	37.0	37.0	37.0	37.0	37.0
125-129	35.73865934035357	37.0	37.0	37.0	37.0	37.0
130-134	35.61804583304264	37.0	37.0	37.0	37.0	37.0
135-139	35.599136406290384	37.0	37.0	37.0	37.0	37.0
140-144	35.54622516365343	37.0	37.0	37.0	37.0	37.0
145-149	35.36302806535895	37.0	37.0	37.0	37.0	37.0
150	35.249407962309604	37.0	37.0	37.0	25.0	37.0
>>END_MODULE
>>Per sequence quality scores	pass
#Quality	Count
11	4.0
12	140.0
13	632.0
14	1243.0
15	1746.0
16	2532.0
17	3616.0
18	5373.0
19	8041.0
20	12009.0
21	17683.0
22	24578.0
23	32429.0
24	42174.0
25	53138.0
26	66611.0
27	85216.0
28	108770.0
29	141532.0
30	185694.0
31	250414.0
32	356861.0
33	568679.0
34	1178727.0
35	4378848.0
36	2.9715907E7
37	2433931.0
>>END_MODULE
>>Per base sequence content	fail
#Base	G	A	T	C
1	30.106246961206757	12.630406147232206	19.283146358364114	37.98020053319692
2	25.969549884514688	21.86531468362266	31.44482161022118	20.720313821641476
3	28.141880257264447	24.931344799121536	21.391957481763527	25.534817461850494
4	30.079685903968212	30.139943192609998	17.406626406423463	22.373744496998327
5	28.87728986770213	30.41273671930165	19.95734858654971	20.752624826446507
6	23.174875583871653	32.57660297292142	20.763112135215056	23.48540930799187
7	20.547117933303035	16.31560352256629	38.25708489412178	24.88019365000889
8	22.54086597496636	19.80910980920508	27.195703716817153	30.454320499011406
9	23.82216508460619	19.81526962238228	27.960281706100897	28.40228358691063
10-14	25.40033896111071	25.503590939207182	24.20312130133967	24.892948798342434
15-19	25.437866942389718	24.07686680649073	25.09142029766314	25.393845953456413
20-24	25.396714147971817	24.837185854568727	24.74796988284862	25.018130114610837
25-29	25.37137170873419	24.775968300452096	24.683705691183462	25.168954299630247
30-34	25.266781169298945	24.864189974696878	24.733122552110533	25.13590630389364
35-39	25.357545398125563	24.776931086308764	24.6189525454445	25.246570970121173
40-44	25.370188272779014	24.745628567742333	24.65756239199061	25.22662076748804
45-49	25.40729510329667	24.71377572652743	24.554647885936667	25.32428128423923
50-54	25.32582986302915	24.752792951436593	24.635340754353273	25.286036431180985
55-59	25.44073033101982	24.669209507400776	24.519514920540583	25.370545241038815
60-64	25.303965384629308	24.70278772704194	24.587868891056395	25.40537799727236
65-69	25.436807008655833	24.70964553761608	24.532541574717122	25.321005879010972
70-74	25.416253156022115	24.697912579447475	24.517672010010553	25.36816225451985
75-79	25.403334544696378	24.670139142152326	24.52205053925449	25.404475773896806
80-84	25.38049108715509	24.685566905206684	24.55178897957761	25.382153028060618
85-89	25.491731663071587	24.704869965965116	24.454833469575934	25.348564901387366
90-94	25.43154487753191	24.688873942238445	24.509329476920083	25.37025170330956
95-99	25.495673411746107	24.72190711848577	24.483015751781505	25.299403717986614
100-104	25.553188524963677	24.681960074732345	24.425431580101968	25.339419820202007
105-109	25.531335302322823	24.69908254069005	24.489284445453492	25.280297711533628
110-114	25.57126419932712	24.717732862109308	24.41173582527181	25.29926711329177
115-119	25.645983942949847	24.727841609527932	24.413659380679682	25.212515066842546
120-124	25.703866023760952	24.692278517918705	24.37502091916914	25.228834539151208
125-129	25.72121683631189	24.764903824245913	24.398922708156316	25.114956631285885
130-134	25.843050077365643	24.70521009297991	24.282907012428105	25.168832817226345
135-139	25.796953806038676	24.73770436768056	24.38822822400186	25.07711360227891
140-144	25.952880252022055	24.72604457728761	24.28663818567996	25.034436985010384
145-149	25.990057090139214	24.7544471435349	24.327380745197143	24.928115021128743
150	25.979778764804607	24.76394091939744	24.367081397385075	24.88919891841288
>>END_MODULE
>>Per sequence GC content	pass
#GC Content	Count
0	4886.0
1	3741.5
2	2080.5
3	1391.0
4	1104.5
5	961.5
6	907.5
7	857.0
8	846.0
9	856.5
10	906.5
11	1021.5
12	1201.5
13	1379.0
14	1590.5
15	1997.5
16	2636.0
17	3701.0
18	5083.0
19	7090.0
20	10118.0
21	14536.5
22	21097.5
23	30766.5
24	44439.0
25	59177.5
26	76321.0
27	99037.0
28	124265.5
29	153086.0
30	185878.0
31	222073.5
32	266346.5
33	317541.0
34	376028.0
35	439554.5
36	511644.0
37	582635.5
38	657771.0
39	746488.5
40	831595.5
41	907475.0
42	984639.5
43	1069118.0
44	1154460.5
45	1236467.5
46	1307939.0
47	1377435.5
48	1438561.0
49	1482005.5
50	1535770.5
51	1593956.0
52	1622871.0
53	1636523.0
54	1632896.0
55	1599081.0
56	1543537.0
57	1461562.5
58	1364877.0
59	1255214.0
60	1123655.5
61	983440.0
62	841303.0
63	706241.0
64	586821.0
65	480386.0
66	391768.5
67	327695.5
68	280822.5
69	237318.0
70	202004.0
71	177901.0
72	161814.5
73	149100.5
74	135631.0
75	121810.5
76	108726.5
77	99457.0
78	90926.0
79	80127.5
80	69368.5
81	60659.0
82	52184.5
83	44798.5
84	38779.0
85	31756.5
86	22855.5
87	15601.5
88	11563.0
89	8244.0
90	5147.5
91	3348.5
92	2305.5
93	1544.5
94	1066.0
95	826.0
96	641.5
97	443.0
98	329.5
99	281.5
100	696.5
>>END_MODULE
>>Per base N content	pass
#Base	N-Count
1	1.2601909118660786E-5
2	0.0012299463299812927
3	0.0
4	0.0
5	0.0
6	0.0
7	0.0
8	0.0
9	0.0
10-14	0.0
15-19	0.0
20-24	0.0
25-29	0.0
30-34	5.040763647464315E-6
35-39	0.0
40-44	2.5203818237321573E-6
45-49	3.5285345532250203E-6
50-54	3.301700189089126E-4
55-59	2.469974187257514E-5
60-64	9.073374565435766E-6
65-69	1.47190298505958E-4
70-74	0.0
75-79	2.7220123696307297E-5
80-84	6.805030924076825E-5
85-89	5.040763647464315E-7
90-94	1.4114138212900081E-5
95-99	0.0
100-104	0.0
105-109	0.0
110-114	0.0
115-119	0.0
120-124	0.0
125-129	0.0
130-134	0.0
135-139	0.0
140-144	0.0
145-149	0.015650562972647202
150	5.0407636474643145E-5
>>END_MODULE
>>Sequence Length Distribution	pass
#Length	Count
150	3.9676528E7
>>END_MODULE
>>Sequence Duplication Levels	fail
#Total Deduplicated Percentage	44.813102441785816
#Duplication Level	Percentage of deduplicated	Percentage of total
1	61.217849574826886	27.433617642625517
2	19.4044598087783	17.39148090476595
3	7.944143488164329	10.680051478420612
4	3.9698453027734066	7.116043369249075
5	2.1639867992790345	4.848748105938179
6	1.323850891643158	3.55955193749126
7	0.8722087583056599	2.7360466305602045
8	0.593289473957277	2.126971357926454
9	0.4265709357848188	1.7204370339612172
>10	1.9411686599552656	14.879236612850457
>50	0.09392555905109574	2.8640090787545613
>100	0.046217197869099745	3.707150651978066
>500	0.0020085050953769865	0.596318054323674
>1k	4.686991548340204E-4	0.3114580129118405
>5k	0.0	0.0
>10k+	6.345361593855594E-6	0.028879128242613974
>>END_MODULE
>>Overrepresented sequences	pass
>>END_MODULE
>>Adapter Content	pass
#Position	Illumina Universal Adapter	Illumina Small RNA 3' Adapter	Illumina Small RNA 5' Adapter	Nextera Transposase Sequence	SOLID Small RNA Adapter
1	3.0244581884785886E-5	1.7642672766125102E-5	0.0	1.5122290942392943E-5	7.561145471196472E-6
2	3.5285345532250204E-5	5.0407636474643145E-5	0.0	4.536687282717883E-5	2.2683436413589416E-5
3	6.805030924076825E-5	5.544840012210746E-5	0.0	5.0407636474643145E-5	4.7887254650910985E-5
4	1.2853947301034E-4	6.048916376957177E-5	0.0	6.805030924076825E-5	5.796878194583961E-5
5	1.5122290942392943E-4	6.048916376957177E-5	0.0	8.065221835942904E-5	6.048916376957177E-5
6	1.7138596401378668E-4	7.561145471196471E-5	0.0	9.577450930182197E-5	6.048916376957177E-5
7	1.9154901860364394E-4	8.065221835942904E-5	0.0	1.0837641842048276E-4	6.300954559330393E-5
8	2.6211970966814435E-4	1.0081527294928629E-4	0.0	2.066713095460369E-4	7.813183653569687E-5
9	3.0496620067159105E-4	1.0837641842048276E-4	0.0	2.1675283684096552E-4	8.317260018316118E-5
10-11	4.15863000915806E-4	1.1971813662727747E-4	0.0	2.4447703690201925E-4	9.577450930182198E-5
12-13	5.204588466006905E-4	1.4366176395273295E-4	0.0	2.785021915224034E-4	1.1341718206794708E-4
14-15	6.704215651127538E-4	1.5626367307139375E-4	0.0	3.2890982799704653E-4	1.2853947301034E-4
16-17	8.115629472417546E-4	1.6256462763072416E-4	0.0	3.5537383714623414E-4	1.4492195486459901E-4
18-19	0.0010194944476996576	1.7768691857311707E-4	0.0	3.969601372378148E-4	1.461821457764651E-4
20-21	0.0013383227484017755	1.9028882769177787E-4	0.0	4.7635216468537773E-4	1.537432912476616E-4
22-23	0.001684875249164947	1.9784997316297435E-4	0.0	6.111925922550482E-4	1.650850094544563E-4
24-25	0.0020137850771619935	2.1801302775283158E-4	0.0	8.733123019231924E-4	1.7390634583751884E-4
26-27	0.0023842812052506206	2.343955096070906E-4	0.0	9.237199383978356E-4	2.0163054589857258E-4
28-29	0.002774940387929105	3.062263915834571E-4	0.0	9.350616566046303E-4	2.2179360048842984E-4
30-31	0.003226088734377161	3.125273461427875E-4	0.0	9.577450930182197E-4	2.293547459596263E-4
32-33	0.003689838989943878	3.188283007021179E-4	0.0	0.0010673817023505686	2.40696464166421E-4
34-35	0.004183833827395381	3.263894461733144E-4	0.0	0.0011278708661201405	2.419566550782871E-4
36-37	0.004754700310470715	3.52853455322502E-4	0.0	0.0011694571662117209	2.469974187257514E-4
38-39	0.005354551184518969	3.654553644411628E-4	0.0	0.0012060027026558372	2.5329837328508177E-4
40-41	0.0060035495041299985	3.767970826479575E-4	0.0	0.0012614511027779446	2.709410460512069E-4
42-43	0.006769745578544574	3.906591826784844E-4	0.0	0.0012765733937203376	2.772420006105373E-4
44-45	0.0074515088618641225	4.0956204635647555E-4	0.0	0.0013496644666085703	2.8228276425800163E-4
46-47	0.00817233806345152	4.17123191827672E-4	0.0	0.0014366176395273296	2.898439097291981E-4
48-49	0.00901162521075433	4.234241463870024E-4	0.0	0.0014366176395273296	2.898439097291981E-4
50-51	0.010080267104016763	4.3224548277006497E-4	0.0	0.0014466991668222583	2.9362448246479634E-4
52-53	0.011295091143055661	4.398066282412614E-4	0.0	0.001458040885029053	3.0496620067159105E-4
54-55	0.012570404345864133	4.536687282717883E-4	0.0	0.0014845048941782408	3.2134868252585E-4
56-57	0.01403726656727625	4.7635216468537773E-4	0.0	0.001521050430622357	3.3143020982077866E-4
58-59	0.016034669162583982	5.028161738345653E-4	0.0	0.0015500348215952767	3.604146007936985E-4
60-61	0.018683590459326483	5.191986556888244E-4	0.0	0.0016231258944835092	3.84358228119154E-4
62-63	0.021829026975344213	5.318005648074852E-4	0.0	0.001683615058253081	4.0452128270901123E-4
64-65	0.025051335136985778	5.607849557804051E-4	0.0	0.0016974771582836078	4.234241463870024E-4
66-67	0.028543324153766682	5.7842762854653E-4	0.0	0.0017088188764904026	4.259445282107346E-4
68-69	0.033132939454782934	6.099324013431821E-4	0.0	0.0017378032674633223	4.2720471912260064E-4
70-71	0.039535969477974484	6.288352650211733E-4	0.0	0.0017579663220531798	4.3224548277006497E-4
72-73	0.04690304554874358	6.439575559635661E-4	0.0	0.001778129376643037	4.4106681915312754E-4
74-75	0.05494936452100849	6.603400378178252E-4	0.0	0.0018247564403820818	4.461075828005918E-4
76-77	0.06416892123222072	6.666409923771555E-4	0.0	0.0018512204495312694	4.587094919192526E-4
78-79	0.07502042517429952	6.754623287602181E-4	0.0	0.0018802048405041892	4.687910192141812E-4
80-81	0.08887244367753147	6.754623287602181E-4	0.0	0.002044029659046779	4.8517350106844025E-4
82-83	0.10570103311459107	6.792429014958164E-4	0.0	0.0021498856956435304	4.96515219275235E-4
84-85	0.1247362168383282	6.943651924382093E-4	0.0	0.0021914719957351106	4.990356010989671E-4
86-87	0.1464719896861943	6.994059560856737E-4	0.0	0.0022229767685317627	5.002957920108332E-4
88-89	0.171288929313573	7.05706910645004E-4	0.0	0.00224313982312162	5.015559829226993E-4
90-91	0.19964826559420723	7.170486288517987E-4	0.0	0.0022645630686233434	5.179384647769584E-4
92-93	0.23274087893981044	7.309107288823256E-4	0.0	0.002277164977742004	5.191986556888244E-4
94-95	0.2695951621573339	7.372116834416559E-4	0.0	0.0022834659323013344	5.229792284244226E-4
96-97	0.310480796101917	7.510737834721829E-4	0.0	0.0023137105141861204	5.494432375736102E-4
98-99	0.35463284489005686	7.624155016789776E-4	0.0	0.002325052232392915	5.557441921329407E-4
100-101	0.4038874066803426	7.825785562688347E-4	0.0	0.0023502560506302363	5.633053376041372E-4
102-103	0.4582268388000079	8.103027563298886E-4	0.0	0.0023590773870132992	5.746470558109318E-4
104-105	0.5175024387214526	8.17863901801085E-4	0.0	0.0023678987233963617	5.872489649295927E-4
106-107	0.5806254014968245	8.292056200078797E-4	0.0	0.0023855413961624866	6.011110649601194E-4
108-109	0.6486051400465283	8.670113473638621E-4	0.0	0.002391842350721817	6.08672210431316E-4
110-111	0.7224334246182025	8.884345928655854E-4	0.0	0.002399403496193014	6.124527831669142E-4
112-113	0.8016439845744567	9.098578383673088E-4	0.0	0.0024145257871354066	6.237945013737088E-4
114-115	0.8855285926228222	9.186791747503712E-4	0.0	0.002418306359871005	6.288352650211732E-4
116-117	0.9742409920545467	9.552247111944876E-4	0.0	0.002422086932606603	6.41437174139834E-4
118-119	1.0680332210520034	9.741275748724788E-4	0.0	0.002438469414460862	6.477381286991644E-4
120-121	1.1689568704197102	9.892498658148718E-4	0.0	0.0024422499871964605	6.616002287296913E-4
122-123	1.277784437186641	0.0010333565477301846	0.0	0.0024422499871964605	6.653808014652895E-4
124-125	1.3918468370014634	0.0010522594114081756	0.0	0.002452331514491389	6.666409923771555E-4
126-127	1.512052667511633	0.0010648613205268365	0.0	0.0024624130417863176	6.691613742008878E-4
128-129	1.6373156441511214	0.0010699020841743007	0.0	0.002473754759993112	6.855438560551467E-4
130-131	1.7722077395481781	0.0010862845660285598	0.0	0.0025128206782609607	7.006661469975398E-4
132-133	1.9169646094033226	0.0010963660933234884	0.0	0.002527942969203354	7.132680561162005E-4
134-135	2.0712863282795313	0.0011001466660590866	0.0	0.0025367643055864164	7.283903470585934E-4
136-137	2.231931685151483	0.0011140087660896135	0.0	0.002565748696559336	7.598951198552453E-4
138	2.3571240910999065	0.0011190495297370778	0.0	0.0025884321329729255	7.762776017095044E-4
>>END_MODULE
>>Kmer Content	fail
#Sequence	Count	PValue	Obs/Exp Max	Max Obs/Exp Position
TCGACCG	5210	0.0	13.266572	7
CGCGAGT	5880	0.0	10.897845	1
GATCGTA	6885	0.0	9.620754	5
CGCGAAT	1870	1.8189894E-12	9.240545	1
CGGGAAT	12410	0.0	9.224723	1
AATCGAA	11125	0.0	8.931087	5
ATCGTAC	7180	0.0	8.724088	6
CGTACTA	6305	0.0	8.678681	8
CGCGTAT	1500	2.1304004E-8	8.63991	1
ATCGACC	10645	0.0	8.522168	6
TACATCG	9895	0.0	8.440485	3
CCGGAAT	12495	0.0	8.412878	1
CGGGGAT	23045	0.0	8.3730955	1
ACATCGA	18970	0.0	7.9323926	4
CGCGGTT	7745	0.0	7.901789	1
CCGGGAT	19470	0.0	7.8396716	1
AATCTAA	20700	0.0	7.6520452	5
GAATCGA	11540	0.0	7.611658	4
GGGATCG	16725	0.0	7.447409	3
CTCGGGT	21500	0.0	7.434341	1
>>END_MODULE
