##FastQC	0.11.5
>>Basic Statistics	pass
#Measure	Value
Filename	MTGFP3_1.fq
File type	Conventional base calls
Encoding	Sanger / Illumina 1.9
Total Sequences	26170139
Sequences flagged as poor quality	0
Sequence length	150
%GC	50
>>END_MODULE
>>Per base sequence quality	pass
#Base	Mean	Median	Lower Quartile	Upper Quartile	10th Percentile	90th Percentile
1	36.599316725065925	37.0	37.0	37.0	37.0	37.0
2	36.60789700047065	37.0	37.0	37.0	37.0	37.0
3	36.670703506771595	37.0	37.0	37.0	37.0	37.0
4	36.667095539691246	37.0	37.0	37.0	37.0	37.0
5	36.67644352213796	37.0	37.0	37.0	37.0	37.0
6	36.65207888272966	37.0	37.0	37.0	37.0	37.0
7	36.64858658182901	37.0	37.0	37.0	37.0	37.0
8	36.682003064637904	37.0	37.0	37.0	37.0	37.0
9	36.69066488336191	37.0	37.0	37.0	37.0	37.0
10-14	36.67897180064653	37.0	37.0	37.0	37.0	37.0
15-19	36.66417884138865	37.0	37.0	37.0	37.0	37.0
20-24	36.64798686778087	37.0	37.0	37.0	37.0	37.0
25-29	36.61052425438015	37.0	37.0	37.0	37.0	37.0
30-34	36.58585355622299	37.0	37.0	37.0	37.0	37.0
35-39	36.580967514158026	37.0	37.0	37.0	37.0	37.0
40-44	36.54139861465772	37.0	37.0	37.0	37.0	37.0
45-49	36.52045621156234	37.0	37.0	37.0	37.0	37.0
50-54	36.50625572145414	37.0	37.0	37.0	37.0	37.0
55-59	36.481077391297006	37.0	37.0	37.0	37.0	37.0
60-64	36.451312245609394	37.0	37.0	37.0	37.0	37.0
65-69	36.42894681606391	37.0	37.0	37.0	37.0	37.0
70-74	36.40323930262655	37.0	37.0	37.0	37.0	37.0
75-79	36.3911043116737	37.0	37.0	37.0	37.0	37.0
80-84	36.36368357844794	37.0	37.0	37.0	37.0	37.0
85-89	36.33243795151413	37.0	37.0	37.0	37.0	37.0
90-94	36.28965335644568	37.0	37.0	37.0	37.0	37.0
95-99	36.2691152461972	37.0	37.0	37.0	37.0	37.0
100-104	36.231162677431705	37.0	37.0	37.0	37.0	37.0
105-109	36.197651598258616	37.0	37.0	37.0	37.0	37.0
110-114	36.16901055817854	37.0	37.0	37.0	37.0	37.0
115-119	36.123800718062675	37.0	37.0	37.0	37.0	37.0
120-124	36.09400701310757	37.0	37.0	37.0	37.0	37.0
125-129	36.06114980894829	37.0	37.0	37.0	37.0	37.0
130-134	35.99459564964481	37.0	37.0	37.0	37.0	37.0
135-139	35.94689938024402	37.0	37.0	37.0	37.0	37.0
140-144	35.863588917124204	37.0	37.0	37.0	37.0	37.0
145-149	35.83777451850752	37.0	37.0	37.0	37.0	37.0
150	35.77249731077087	37.0	37.0	37.0	37.0	37.0
>>END_MODULE
>>Per sequence quality scores	pass
#Quality	Count
13	18.0
14	224.0
15	778.0
16	1635.0
17	2599.0
18	3645.0
19	4919.0
20	6303.0
21	8238.0
22	10780.0
23	14026.0
24	18763.0
25	25054.0
26	34321.0
27	47773.0
28	67623.0
29	94333.0
30	128739.0
31	173052.0
32	235046.0
33	339531.0
34	562555.0
35	1541925.0
36	1.9362774E7
37	3485485.0
>>END_MODULE
>>Per base sequence content	fail
#Base	G	A	T	C
1	31.407951099895243	12.561388759549224	17.736397241928625	38.294262898626904
2	25.934533584457608	21.380456832508237	32.69046660186377	19.99454298117038
3	27.893262205374334	24.496159548775644	21.59406621625753	26.01651202959249
4	29.396015053645684	30.779041716209456	17.816000136644288	22.008943093500573
5	28.737814499189323	30.55960841476616	20.190825123244473	20.511751962800044
6	22.884086425089187	33.130230198370995	20.875259211184833	23.110424165354985
7	20.402632267860465	16.158947300726368	38.52474116199562	24.913679269417546
8	22.606116341609578	19.96878424826542	27.035828378477884	30.38927103164712
9	23.864556913269386	19.48888993163811	28.05450456963617	28.592048585456336
10-14	25.41969320883487	25.576037222064745	24.12111660997421	24.883152959126175
15-19	25.474047348392	24.11636331010699	25.03990521410681	25.369684127394205
20-24	25.42008264687658	24.876044205502026	24.714419520020837	24.98945362760056
25-29	25.389072637329136	24.8264787588633	24.66681663402705	25.11763196978052
30-34	25.300833900805802	24.90645922820662	24.683604469964795	25.10910240102278
35-39	25.364912276545414	24.825532642375343	24.62464949078031	25.18490559029893
40-44	25.382300526011115	24.79259618849296	24.63371047498829	25.19139281050763
45-49	25.417374009161662	24.746427578885047	24.564841980001862	25.271356431951425
50-54	25.31410857236945	24.793490779701248	24.656391011144418	25.236009636784885
55-59	25.41711222855943	24.728868272346585	24.545116860097686	25.3089026389963
60-64	25.297152605876494	24.74277572618166	24.58909217104273	25.37097949689912
65-69	25.391694709760614	24.778810689542	24.57546060416416	25.254033996533227
70-74	25.384969487552205	24.7467481926634	24.55240990504483	25.315872414739566
75-79	25.354270376630407	24.73607190240755	24.570764412065216	25.338893308896832
80-84	25.342971239090478	24.745368757880883	24.576479322482772	25.33518068054587
85-89	25.413629633377187	24.78457221797714	24.51225345039245	25.289544698253223
90-94	25.37902454396593	24.77070985370005	24.520046301626444	25.330219300707572
95-99	25.407376705182955	24.819383649433423	24.536948772033654	25.236290873349965
100-104	25.47465338262055	24.793953138728074	24.44164014566373	25.289753332987647
105-109	25.415797753309604	24.796190039342168	24.529134522365357	25.25887768498287
110-114	25.424719371952897	24.853255842469924	24.43950412338276	25.28252066219442
115-119	25.447207028187407	24.87206831321812	24.44393302186078	25.236791636733695
120-124	25.466980515464595	24.857149593282635	24.37653999468631	25.299329896566462
125-129	25.434793449129177	24.94051712908365	24.407685415809215	25.217004005977962
130-134	25.526216731214152	24.93276096087988	24.26301060151037	25.2780117063956
135-139	25.44034328591071	24.957764267129036	24.314560193967637	25.287332252992616
140-144	25.520549983186562	25.016335603455087	24.20852099283144	25.25459342052691
145-149	25.482252119486258	25.061809568531523	24.20742358303867	25.24851472894355
150	25.37166883217548	25.078452965037744	24.265404169232728	25.284474033554044
>>END_MODULE
>>Per sequence GC content	pass
#GC Content	Count
0	988.0
1	700.5
2	334.5
3	225.5
4	183.5
5	166.5
6	151.5
7	160.0
8	183.0
9	190.5
10	212.0
11	271.5
12	351.5
13	444.5
14	573.0
15	804.5
16	1208.0
17	1899.0
18	2844.0
19	4276.5
20	6505.0
21	9670.0
22	14371.0
23	21805.0
24	32002.5
25	43093.5
26	56073.0
27	72100.5
28	90472.5
29	111375.0
30	132394.5
31	155868.5
32	184812.0
33	217328.0
34	255414.5
35	295143.0
36	340417.5
37	387162.5
38	435506.5
39	492582.0
40	548028.0
41	598201.5
42	649053.0
43	701812.0
44	757651.5
45	810195.5
46	853572.5
47	898590.5
48	942646.0
49	974974.5
50	1010426.5
51	1048574.5
52	1066245.0
53	1073873.5
54	1068959.5
55	1043774.5
56	1006796.0
57	953377.5
58	894414.0
59	831305.5
60	745030.5
61	648061.5
62	553516.5
63	466512.0
64	388885.0
65	319601.5
66	265237.5
67	227120.5
68	197373.0
69	163887.0
70	135928.0
71	117691.0
72	105710.0
73	97890.5
74	88343.0
75	78420.5
76	70111.0
77	63856.0
78	58052.0
79	51059.5
80	44078.5
81	38326.0
82	32591.0
83	27187.5
84	22862.5
85	18220.5
86	13218.5
87	9176.0
88	6480.0
89	4523.0
90	2867.0
91	1893.0
92	1319.5
93	880.0
94	605.0
95	451.5
96	333.0
97	238.0
98	185.0
99	121.5
100	47.0
>>END_MODULE
>>Per base N content	pass
#Base	N-Count
1	0.060836512943244214
2	0.021665914728232816
3	0.00511651848696715
4	0.0
5	0.0
6	0.00320976514492338
7	2.2926893892309857E-5
8	6.878068167692957E-5
9	1.1463446946154928E-5
10-14	0.0010890274598847182
15-19	0.0
20-24	1.1463446946154928E-5
25-29	0.0
30-34	0.0
35-39	0.0
40-44	2.9040732263592485E-5
45-49	7.642297964103285E-6
50-54	0.0
55-59	0.0
60-64	0.0
65-69	0.0
70-74	0.0
75-79	0.0
80-84	0.0
85-89	0.0
90-94	0.0
95-99	0.0
100-104	0.0
105-109	0.0
110-114	0.0
115-119	7.642297964103285E-7
120-124	0.0
125-129	0.0
130-134	0.0
135-139	0.0
140-144	3.056919185641314E-6
145-149	0.0
150	0.0
>>END_MODULE
>>Sequence Length Distribution	pass
#Length	Count
150	2.6170139E7
>>END_MODULE
>>Sequence Duplication Levels	warn
#Total Deduplicated Percentage	50.71810713532232
#Duplication Level	Percentage of deduplicated	Percentage of total
1	66.17727284077591	33.56386013861929
2	18.40310300603221	18.66741099764628
3	6.849846454851169	10.42233739072948
4	3.108530499978423	6.306351317252909
5	1.6359622525222242	4.14864543963827
6	0.973826565173006	2.9634384038200476
7	0.6237143939115585	2.2143529416574332
8	0.44085621441085215	1.7887514171009782
9	0.299526235228102	1.367226331932477
>10	1.3759418829572423	11.977341379051033
>50	0.07235556471766658	2.504046371494467
>100	0.037484469153393485	3.4098195467043633
>500	0.0012779371276124022	0.4373388288661078
>1k	3.0168316052158183E-4	0.22907949548682235
>5k	0.0	0.0
>10k+	0.0	0.0
>>END_MODULE
>>Overrepresented sequences	pass
>>END_MODULE
>>Adapter Content	pass
#Position	Illumina Universal Adapter	Illumina Small RNA 3' Adapter	Illumina Small RNA 5' Adapter	Nextera Transposase Sequence	SOLID Small RNA Adapter
1	2.2926893892309857E-5	2.2926893892309857E-5	0.0	7.642297964103285E-6	0.0
2	2.2926893892309857E-5	5.3496085748723E-5	0.0	3.439034083846479E-5	0.0
3	6.113838371282628E-5	5.731723473077465E-5	0.0	5.731723473077465E-5	3.8211489820516425E-6
4	1.260979164077042E-4	5.731723473077465E-5	0.0	7.260183065898122E-5	7.642297964103285E-6
5	1.337402143718075E-4	5.731723473077465E-5	0.0	1.06992171497446E-4	1.1463446946154928E-5
6	1.4520366131796244E-4	6.495953269487793E-5	0.0	1.5666710826411735E-4	1.528459592820657E-5
7	1.4520366131796244E-4	8.78864265871878E-5	0.0	1.681305552102723E-4	1.528459592820657E-5
8	1.795940021564272E-4	1.0317102251539435E-4	0.0	2.292689389230986E-4	1.528459592820657E-5
9	1.9869974706668544E-4	1.1081332047949765E-4	0.0	2.292689389230986E-4	3.056919185641314E-5
10-11	3.114236420372089E-4	1.1272389497052347E-4	0.0	2.388218113782277E-4	4.012206431154225E-5
12-13	3.9548891964234507E-4	1.1845561844360093E-4	0.0	2.67480428743615E-4	4.967493676667136E-5
14-15	5.273185595231268E-4	1.3947193784488498E-4	0.0	2.961390461090023E-4	5.3496085748723E-5
16-17	6.247578585654437E-4	1.413825123359108E-4	0.0	3.171553655102864E-4	7.260183065898122E-5
18-19	7.661403709013543E-4	1.4711423580898825E-4	0.0	3.477245573666995E-4	9.170757556923944E-5
20-21	9.552872455129108E-4	1.6621998071924646E-4	0.0	4.356109839538873E-4	1.0126044802436854E-4
22-23	0.001165450439525751	1.9105744910258215E-4	0.0	5.521560279064623E-4	1.06992171497446E-4
24-25	0.0012877272069514037	2.158949174859178E-4	0.0	8.062624352128966E-4	1.1845561844360093E-4
26-27	0.0014959798264732181	2.2735836443207275E-4	0.0	8.482950740154648E-4	1.3756136335385915E-4
28-29	0.0016507363602463096	2.579275562884859E-4	0.0	8.750431168898262E-4	1.528459592820657E-4
30-31	0.001904842767552744	2.617487052705375E-4	0.0	9.094334577282911E-4	1.585776827551432E-4
32-33	0.0021245588340207135	2.67480428743615E-4	0.0	0.0010106939057526595	1.7386227868334975E-4
34-35	0.0023824863903091995	2.846755991628474E-4	0.0	0.00106992171497446	1.853257256295047E-4
36-37	0.002718747500729744	3.171553655102864E-4	0.0	0.0010985803323398475	1.948785980846338E-4
38-39	0.003026349993784901	3.20976514492338E-4	0.0	0.001134881247669338	2.025208960487371E-4
40-41	0.003276635252109284	3.305293869474671E-4	0.0	0.0011578081415616478	2.292689389230986E-4
42-43	0.0036033434900746993	3.362611104205446E-4	0.0	0.001188377333418061	2.330900879051502E-4
44-45	0.003924320004567037	3.496351318577253E-4	0.0	0.0012476051426398614	2.3691123688720185E-4
46-47	0.004273955136424762	3.572774298218286E-4	0.0	0.0013297598457539719	2.3691123688720185E-4
48-49	0.004707655545887624	3.6683030227695776E-4	0.0	0.0013393127182091008	2.4646410934233093E-4
50-51	0.005225421232955622	3.821148982051643E-4	0.0	0.0013717924845565398	2.502852583243826E-4
52-53	0.00583871564457491	4.050417920974742E-4	0.0	0.0013870770804847465	2.636592797615634E-4
54-55	0.00648831097152369	4.317898349718357E-4	0.0	0.0014080933998860303	2.67480428743615E-4
56-57	0.007195223533203243	4.413427074269647E-4	0.0	0.0014520366131796243	2.732121522166925E-4
58-59	0.008110388714404611	4.623590268282488E-4	0.0	0.0014577683366527017	2.770333011987441E-4
60-61	0.00969807611644707	4.738224737744037E-4	0.0	0.0015341913162937345	2.8849674814489907E-4
62-63	0.011364097072621586	4.795541972474812E-4	0.0	0.001616346019407845	3.037813440731056E-4
64-65	0.013203980307479452	4.871964952115845E-4	0.0	0.0016488257857552838	3.095130675461831E-4
66-67	0.01518524605467323	5.082128146128686E-4	0.0	0.0016698421051565679	3.095130675461831E-4
68-69	0.017932652172768362	5.254079850321009E-4	0.0	0.001702321871504007	3.171553655102864E-4
70-71	0.021612418642484095	5.368714319782559E-4	0.0	0.0017176064674322136	3.343505359295187E-4
72-73	0.02606405720657426	5.597983258705657E-4	0.0	0.001734801637851446	3.553668553308028E-4
74-75	0.031235982353781153	5.865463687449272E-4	0.0	0.001776834276654014	3.591880043128544E-4
76-77	0.036919941464582974	5.99920390182108E-4	0.0	0.0018112246174924788	3.668303022769577E-4
78-79	0.04428329555299649	5.99920390182108E-4	0.0	0.0018494361073129952	3.782937492231127E-4
80-81	0.053293564852674266	6.152049861103146E-4	0.0	0.002023298385996345	3.973994941333709E-4
82-83	0.0645869706691279	6.190261350923662E-4	0.0	0.0021150059615655846	4.031312176064483E-4
84-85	0.07800302474511121	6.362213055115986E-4	0.0	0.002160859749350204	4.088629410795258E-4
86-87	0.09328953124780881	6.495953269487792E-4	0.0	0.0021952500901886688	4.126840900615774E-4
88-89	0.11166734727698618	6.629693483859601E-4	0.0	0.0022048029626437976	4.145946645526033E-4
90-91	0.13332179855827286	6.858962422782699E-4	0.0	0.0022334615800091856	4.317898349718357E-4
92-93	0.15905914752688166	6.973596892244248E-4	0.0	0.0022544778994104692	4.317898349718357E-4
94-95	0.18846288894376909	7.030914126975023E-4	0.0	0.0022621201973745727	4.451638564090164E-4
96-97	0.22197245494187096	7.126442851526314E-4	0.0	0.002277404793302779	4.7382247377440376E-4
98-99	0.260304310955322	7.393923280269929E-4	0.0	0.002281225942284831	4.929282186846619E-4
100-101	0.3037431325832851	7.661403709013543E-4	0.0	0.0023060634106681667	4.967493676667136E-4
102-103	0.35455486117211676	7.795143923385352E-4	0.0	0.002323258581087399	5.215868360500493E-4
104-105	0.41020034322324384	7.986201372487934E-4	0.0	0.0023576489219258633	5.502454534154366E-4
106-107	0.4698236413646867	8.272787546141807E-4	0.0	0.0024035027097104836	5.884569432359531E-4
108-109	0.5357059815387301	8.616690954526455E-4	0.0	0.0024092344331835608	5.99920390182108E-4
110-111	0.610355948052091	8.750431168898262E-4	0.0	0.002420697880129716	6.056521136551854E-4
112-113	0.6939053705446501	8.826854148539296E-4	0.0	0.0024340719015668966	6.152049861103146E-4
114-115	0.7854314415372421	8.826854148539296E-4	0.0	0.0024436247740220254	6.228472840744178E-4
116-117	0.8843915578744155	8.941488618000844E-4	0.0	0.002451267071986129	6.266684330564694E-4
118-119	0.9913034852432385	9.037017342552135E-4	0.0	0.0024875679873156194	6.53416475930831E-4
120-121	1.1090292642312676	9.438237985667558E-4	0.0	0.0025009420087528005	6.648799228769858E-4
122-123	1.2413231737133685	9.782141394052207E-4	0.0	0.0025085843067169035	6.687010718590374E-4
124-125	1.3853289048254578	9.97319884315479E-4	0.0	0.002521958328154084	6.725222208410892E-4
126-127	1.5381882381289607	0.0010068727567706078	0.0	0.0025276900516271617	6.839856677872441E-4
128-129	1.7023390666744262	0.0010145150547347112	0.0	0.002537242924082291	6.916279657513474E-4
130-131	1.8830392914611573	0.0010278890761718919	0.0	0.0025620803924656264	7.050019871885281E-4
132-133	2.081895705636107	0.00104699482108215	0.0	0.0025754544139028075	7.183760086257088E-4
134-135	2.2967245225560324	0.001048905395573176	0.0	0.002590739009831014	7.37481753535967E-4
136-137	2.5275907017536285	0.0010756534384475376	0.0	0.0026385033721066592	7.48945200482122E-4
138	2.7094582875543765	0.0011004909068308732	0.0	0.002644235095579737	7.680509453923802E-4
>>END_MODULE
>>Kmer Content	fail
#Sequence	Count	PValue	Obs/Exp Max	Max Obs/Exp Position
GATCGTA	4825	0.0	13.729245	5
CGCGAGT	3755	0.0	13.242187	1
ATCGTAC	4895	0.0	12.797429	6
CGCGGTT	5695	0.0	12.5274315	1
CGTACTA	4890	0.0	11.632446	8
CGGGTAT	4165	0.0	10.035375	1
CGGAAAT	7055	0.0	9.806066	1
CCGGGAT	14535	0.0	9.420179	1
TCGACCG	3290	0.0	9.410775	7
GGATCGT	7900	0.0	8.84065	4
CTCGGAT	13590	0.0	8.7495365	1
AATCGAG	6285	0.0	8.706919	5
GGGATCG	10835	0.0	8.639322	3
CGACAAT	5530	0.0	8.60081	1
TCGGATT	7885	0.0	8.494516	2
CTCGGGT	14005	0.0	8.181531	1
CGCAAAT	5780	0.0	8.104125	1
AAATCGA	8175	0.0	8.102884	4
GTCGGTT	7430	0.0	8.05026	1
CGGGGAT	16065	0.0	7.984723	1
>>END_MODULE
