##FastQC	0.11.5
>>Basic Statistics	pass
#Measure	Value
Filename	MTMUT2_1.fq
File type	Conventional base calls
Encoding	Sanger / Illumina 1.9
Total Sequences	37893939
Sequences flagged as poor quality	0
Sequence length	150
%GC	50
>>END_MODULE
>>Per base sequence quality	pass
#Base	Mean	Median	Lower Quartile	Upper Quartile	10th Percentile	90th Percentile
1	36.58687736315826	37.0	37.0	37.0	37.0	37.0
2	36.59985719616005	37.0	37.0	37.0	37.0	37.0
3	36.662779369545085	37.0	37.0	37.0	37.0	37.0
4	36.659532042841995	37.0	37.0	37.0	37.0	37.0
5	36.66951337521285	37.0	37.0	37.0	37.0	37.0
6	36.645680460930706	37.0	37.0	37.0	37.0	37.0
7	36.64280482955335	37.0	37.0	37.0	37.0	37.0
8	36.67632372554355	37.0	37.0	37.0	37.0	37.0
9	36.685126452544296	37.0	37.0	37.0	37.0	37.0
10-14	36.67305364058352	37.0	37.0	37.0	37.0	37.0
15-19	36.65904029137747	37.0	37.0	37.0	37.0	37.0
20-24	36.6433835289596	37.0	37.0	37.0	37.0	37.0
25-29	36.606097998943845	37.0	37.0	37.0	37.0	37.0
30-34	36.581739274980094	37.0	37.0	37.0	37.0	37.0
35-39	36.57858740417564	37.0	37.0	37.0	37.0	37.0
40-44	36.53820905237642	37.0	37.0	37.0	37.0	37.0
45-49	36.51912172023078	37.0	37.0	37.0	37.0	37.0
50-54	36.50514129449567	37.0	37.0	37.0	37.0	37.0
55-59	36.4809988689748	37.0	37.0	37.0	37.0	37.0
60-64	36.45026077125421	37.0	37.0	37.0	37.0	37.0
65-69	36.429203271795	37.0	37.0	37.0	37.0	37.0
70-74	36.403876192443335	37.0	37.0	37.0	37.0	37.0
75-79	36.39250459024595	37.0	37.0	37.0	37.0	37.0
80-84	36.36578170984019	37.0	37.0	37.0	37.0	37.0
85-89	36.335681054429315	37.0	37.0	37.0	37.0	37.0
90-94	36.294035017051144	37.0	37.0	37.0	37.0	37.0
95-99	36.27442470417235	37.0	37.0	37.0	37.0	37.0
100-104	36.23946580480852	37.0	37.0	37.0	37.0	37.0
105-109	36.20677363205762	37.0	37.0	37.0	37.0	37.0
110-114	36.180792052259335	37.0	37.0	37.0	37.0	37.0
115-119	36.13630534951777	37.0	37.0	37.0	37.0	37.0
120-124	36.11043460538637	37.0	37.0	37.0	37.0	37.0
125-129	36.08098148360877	37.0	37.0	37.0	37.0	37.0
130-134	36.020852775426704	37.0	37.0	37.0	37.0	37.0
135-139	35.97896386015716	37.0	37.0	37.0	37.0	37.0
140-144	35.90420332919204	37.0	37.0	37.0	37.0	37.0
145-149	35.88908066274134	37.0	37.0	37.0	37.0	37.0
150	35.83376700426947	37.0	37.0	37.0	37.0	37.0
>>END_MODULE
>>Per sequence quality scores	pass
#Quality	Count
13	20.0
14	272.0
15	965.0
16	2075.0
17	3213.0
18	4461.0
19	6213.0
20	8110.0
21	11020.0
22	14694.0
23	19882.0
24	27387.0
25	37485.0
26	53281.0
27	75113.0
28	104884.0
29	145340.0
30	194405.0
31	256667.0
32	342689.0
33	479318.0
34	788450.0
35	2140820.0
36	2.7788067E7
37	5389108.0
>>END_MODULE
>>Per base sequence content	fail
#Base	G	A	T	C
1	31.244881808239704	12.667375581252177	17.824115265276177	38.263627345231946
2	25.604620832971502	21.632315634798356	32.89275588934221	19.87030764288793
3	27.696038334197855	24.651286029523632	21.72523419512	25.92744144115851
4	29.167157840202364	30.995774812431087	17.881994268265434	21.95507307910112
5	28.525224047043512	30.633054536769063	20.23736830314737	20.604353113040055
6	22.729021688977262	33.17439293971078	20.964896798352143	23.131688572959817
7	20.24218814798477	16.119778243094203	38.66818289906981	24.96985070985121
8	22.532403615144595	19.969686429907487	26.99209002394052	30.505819931007398
9	23.774756338297117	19.52665402999087	28.04767264584736	28.65091698586465
10-14	25.3278936994702	25.620829716928885	24.157685511849955	24.893591071750958
15-19	25.408424286533	24.17983836412467	25.073838853226633	25.337898496115695
20-24	25.364114856604576	24.928082028365075	24.72789432445283	24.979908790577515
25-29	25.33901740856236	24.879621514142407	24.683110404542532	25.0982506727527
30-34	25.24386234959633	24.953668184244453	24.731252668137774	25.071216798021446
35-39	25.3161092595837	24.874371598054243	24.648402479351645	25.161116663010407
40-44	25.32488196777598	24.842972086026418	24.684401576765403	25.1477443694322
45-49	25.36742923722677	24.801000877818552	24.598075005985127	25.23349487896955
50-54	25.272499119186314	24.84010543216423	24.675352963438296	25.212042485211157
55-59	25.37699076361526	24.775910469481676	24.573365677292085	25.273733089610978
60-64	25.238021309951442	24.795044927897308	24.642387269373078	25.324546492778172
65-69	25.357054066086924	24.820427351191967	24.60581413824517	25.216704444475933
70-74	25.34266812431402	24.805943768474425	24.578113138357033	25.27327496885452
75-79	25.315730834949623	24.774898170390784	24.614893162729796	25.294477831929797
80-84	25.307644053578066	24.804700297849745	24.60188211101517	25.28577353755702
85-89	25.370163286535085	24.835449278577244	24.535093593727485	25.25929384116019
90-94	25.335209939510378	24.814478642613533	24.556264789469363	25.294046628406726
95-99	25.37438929217678	24.857494492720853	24.56034881989967	25.2077673952027
100-104	25.416053474936984	24.840140794019856	24.485119902684175	25.25868582835899
105-109	25.357184957731633	24.857874500721604	24.551627636282415	25.23331290526435
110-114	25.369662942667425	24.887236452246363	24.489592385737467	25.253508219348745
115-119	25.402773519034522	24.91409272510934	24.46567114034433	25.21746261551181
120-124	25.42289573010607	24.900571038550517	24.40588084548297	25.270652385860444
125-129	25.389152075217098	24.983601203348112	24.429998686597347	25.197248034837443
130-134	25.46175788164962	24.981040899443048	24.30876821752418	25.24843300138315
135-139	25.390769748164736	24.986495069831616	24.358431568700208	25.264303613303436
140-144	25.455936245465583	25.03776382346154	24.26386326737682	25.24243666369606
145-149	25.43207239553534	25.073266202281058	24.279957805389405	25.2147035967942
150	25.331459999447404	25.07729006477791	24.331400332913397	25.25984960286129
>>END_MODULE
>>Per sequence GC content	pass
#GC Content	Count
0	1325.0
1	978.0
2	526.5
3	363.0
4	285.0
5	254.5
6	247.5
7	237.5
8	241.5
9	285.0
10	334.0
11	397.0
12	473.5
13	626.5
14	886.0
15	1193.5
16	1733.0
17	2785.0
18	4209.0
19	6258.0
20	9545.5
21	14353.5
22	21198.0
23	31468.5
24	45909.0
25	62173.0
26	81279.5
27	104925.5
28	131373.5
29	160889.0
30	192323.0
31	227262.0
32	269621.5
33	318779.5
34	376385.0
35	436587.5
36	504110.0
37	569766.0
38	638362.5
39	721101.5
40	801391.5
41	872821.5
42	945000.0
43	1022968.0
44	1102896.5
45	1177361.5
46	1240885.5
47	1308004.5
48	1371035.5
49	1416716.0
50	1468285.5
51	1521310.5
52	1545424.5
53	1554150.0
54	1545549.0
55	1512126.0
56	1460353.5
57	1387443.0
58	1296421.0
59	1188471.0
60	1063083.0
61	931022.5
62	800647.0
63	674450.0
64	557694.5
65	455137.5
66	371707.5
67	311348.5
68	267949.0
69	226822.0
70	192623.5
71	168322.0
72	151589.5
73	138562.0
74	124433.0
75	110730.5
76	98779.0
77	89904.5
78	81592.5
79	72298.0
80	62538.5
81	54081.0
82	46469.5
83	39290.5
84	33482.0
85	27177.0
86	19511.0
87	13459.0
88	9922.0
89	7061.5
90	4394.0
91	2798.5
92	1931.5
93	1259.0
94	818.5
95	622.5
96	477.0
97	351.5
98	285.5
99	205.0
100	93.0
>>END_MODULE
>>Per base N content	pass
#Base	N-Count
1	0.06042655000843274
2	0.021451979431328056
3	0.00507732912115576
4	0.0
5	0.0
6	0.0035018792847056625
7	3.166733339598187E-5
8	5.013994454363797E-5
9	1.8472611147656095E-5
10-14	0.0010772171243533168
15-19	0.0
20-24	8.4446222389285E-6
25-29	0.0
30-34	0.0
35-39	0.0
40-44	2.0055977817455186E-5
45-49	7.916833348995467E-6
50-54	0.0
55-59	0.0
60-64	0.0
65-69	0.0
70-74	0.0
75-79	0.0
80-84	0.0
85-89	0.0
90-94	0.0
95-99	0.0
100-104	0.0
105-109	0.0
110-114	0.0
115-119	1.0555777798660625E-6
120-124	0.0
125-129	0.0
130-134	0.0
135-139	0.0
140-144	1.5833666697990937E-6
145-149	0.0
150	0.0
>>END_MODULE
>>Sequence Length Distribution	pass
#Length	Count
150	3.7893939E7
>>END_MODULE
>>Sequence Duplication Levels	fail
#Total Deduplicated Percentage	46.818747850291295
#Duplication Level	Percentage of deduplicated	Percentage of total
1	63.16378963033675	29.572495399715805
2	18.84237115248837	17.64352447779911
3	7.673200722116899	10.777489494403927
4	3.611025172231873	6.762547080791149
5	1.964187294573611	4.598039483769385
6	1.1599521518825406	3.258450439043487
7	0.7900046475423078	2.589091987568909
8	0.530684353114791	1.9876781533261076
9	0.39510658385463343	1.6648555971132053
>10	1.7379381948788468	13.839893670816474
>50	0.08634683257970428	2.765897844307704
>100	0.04293516641470653	3.5853054283267944
>500	0.0019429684655995665	0.5900482074245149
>1k	5.151295194156284E-4	0.3646827355934041
>5k	0.0	0.0
>10k+	0.0	0.0
>>END_MODULE
>>Overrepresented sequences	pass
>>END_MODULE
>>Adapter Content	pass
#Position	Illumina Universal Adapter	Illumina Small RNA 3' Adapter	Illumina Small RNA 5' Adapter	Nextera Transposase Sequence	SOLID Small RNA Adapter
1	1.3194722248325782E-5	1.3194722248325782E-5	0.0	1.5833666697990938E-5	2.6389444496651564E-6
2	1.3194722248325782E-5	6.333466679196375E-5	0.0	5.013994454363797E-5	1.5833666697990938E-5
3	7.125150014095922E-5	6.333466679196375E-5	0.0	6.069572234229859E-5	2.3750500046986407E-5
4	1.1611355578526687E-4	6.333466679196375E-5	0.0	7.916833348995468E-5	2.6389444496651564E-5
5	1.2930827803359267E-4	6.333466679196375E-5	0.0	9.764094463761078E-5	3.1667333395981877E-5
6	1.5833666697990937E-4	6.333466679196375E-5	0.0	1.0555777798660626E-4	3.430627784564703E-5
7	1.7153138922823514E-4	7.125150014095922E-5	0.0	1.1875250023493203E-4	3.430627784564703E-5
8	2.2431027822153828E-4	7.125150014095922E-5	0.0	2.1375450042287764E-4	3.958416674497734E-5
9	2.770891672148414E-4	7.125150014095922E-5	0.0	2.163934448725428E-4	4.7501000093972815E-5
10-11	3.6153538960412637E-4	7.389044459062436E-5	0.0	2.3750500046986405E-4	5.805677789263344E-5
12-13	4.4730108421824397E-4	9.104358351344789E-5	0.0	2.665333894161808E-4	6.861255569129406E-5
14-15	5.805677789263344E-4	1.0159936131210852E-4	0.0	3.0083966726182783E-4	8.048780571478726E-5
16-17	7.25709723657918E-4	1.0555777798660626E-4	0.0	3.338264728826423E-4	8.576569461411757E-5
18-19	8.734906128391668E-4	1.1743302801009946E-4	0.0	3.734106396276196E-4	9.500200018794562E-5
20-21	0.0011360655855808498	1.3062775025842523E-4	0.0	4.538984453424069E-4	1.2007197245976459E-4
22-23	0.0013814874193997092	1.4250300028191844E-4	0.0	5.726509455773389E-4	1.3326669470809036E-4
24-25	0.0015503798641782795	1.6097561142957453E-4	0.0	7.94322279349212E-4	1.4118352805708587E-4
26-27	0.0017931627535474736	1.754898059027329E-4	0.0	8.273090849700265E-4	1.4778088918124876E-4
28-29	0.002033306698467003	1.9924030594971928E-4	0.0	8.523790572418455E-4	1.6097561142957453E-4
30-31	0.0023037985045576814	2.1771291709737537E-4	0.0	8.985605851109857E-4	1.6493402810407228E-4
32-33	0.0026112355329436718	2.1903238932220796E-4	0.0	9.869652241747684E-4	1.8076769480206319E-4
34-35	0.0029279088669034907	2.2431027822153828E-4	0.0	0.0010687725021143882	1.9132347260072383E-4
36-37	0.0032617353397861332	2.3750500046986405E-4	0.0	0.0011096761410841981	2.0187925039938446E-4
38-39	0.003676049618383563	2.493802504933573E-4	0.0	0.0011558576689533384	2.0319872262421703E-4
40-41	0.004046821313561517	2.5465813939268755E-4	0.0	0.0012112755023963068	2.045181948490496E-4
42-43	0.004451899286585119	2.5597761161752014E-4	0.0	0.0012297481135439628	2.1903238932220796E-4
44-45	0.004846421481810059	2.7972811166450656E-4	0.0	0.0012614154469399448	2.3222711157053373E-4
46-47	0.005247541038159163	2.87644945013502E-4	0.0	0.0013326669470809039	2.4806077826852464E-4
48-49	0.005821511455961334	2.9160336168799973E-4	0.0	0.001337944835980234	2.652139171913482E-4
50-51	0.006446941290531976	2.9556177836249746E-4	0.0	0.0013550979749030578	2.7972811166450656E-4
52-53	0.00726237512547851	3.074370283859907E-4	0.0	0.0013748900582755464	2.9292283391283233E-4
54-55	0.008038224793680066	3.2195122285914906E-4	0.0	0.0014065573916715282	2.9556177836249746E-4
56-57	0.009021231601180336	3.3778488955714E-4	0.0	0.0014408636695171753	3.140343895101536E-4
58-59	0.010402719020580046	3.6153538960412637E-4	0.0	0.0014461415584165055	3.2063175063431646E-4
60-61	0.012302759024338958	3.747301118524522E-4	0.0	0.001508156752983637	3.272291117584794E-4
62-63	0.01447856872308788	3.905637785504431E-4	0.0	0.0015701719475507679	3.496601395806332E-4
64-65	0.016774450394296564	4.156337508222621E-4	0.0	0.0016031587531715823	3.562575007047961E-4
66-67	0.019471451621854353	4.380647786444159E-4	0.0	0.0016255897809937362	3.5889644515446124E-4
68-69	0.023117153379066765	4.512595008927417E-4	0.0	0.0016493402810407226	3.654938062786241E-4
70-71	0.02784614183286673	4.6445422314106747E-4	0.0	0.0016783686699870393	3.866053618759454E-4
72-73	0.03399092398391204	4.7369052871489557E-4	0.0	0.0016994802255843606	4.129948063725969E-4
74-75	0.04110683769243414	4.895241954128865E-4	0.0	0.001745661753453501	4.182726952719273E-4
76-77	0.04915825720836253	4.961215565370494E-4	0.0	0.0017865653924233108	4.275090008457553E-4
78-79	0.05853178789357316	5.013994454363797E-4	0.0	0.001820871670268958	4.367453064195834E-4
80-81	0.07070655811210336	5.040383898860448E-4	0.0	0.001999000420621356	4.407037230940811E-4
82-83	0.0858237513920102	5.079968065605426E-4	0.0	0.002095321893034134	4.4202319531891365E-4
84-85	0.10310883753731698	5.185525843592032E-4	0.0	0.0021546981431516	4.552179175672395E-4
86-87	0.12273070899280225	5.291083621578637E-4	0.0	0.0021876849487724144	4.56537389792072E-4
88-89	0.14531875400971117	5.357057232820268E-4	0.0	0.002199560198795908	4.6313475091623493E-4
90-91	0.17240487984107433	5.528588622048503E-4	0.0	0.0022378248933160524	4.710515842652304E-4
92-93	0.20356685537494532	5.541783344296828E-4	0.0	0.0022628948655878714	4.7369052871489557E-4
94-95	0.2383283511381596	5.568172788793479E-4	0.0	0.002280048004510695	4.776489453893933E-4
96-97	0.27623282974092506	5.647341122283435E-4	0.0	0.002320951643480505	5.119552232350404E-4
98-99	0.31878317004732604	5.766093622518367E-4	0.0	0.002339424254628161	5.277888899330313E-4
100-101	0.3677039222552187	5.977209178491579E-4	0.0	0.002367133171349645	5.357057232820268E-4
102-103	0.42234326708553577	6.122351123223162E-4	0.0	0.002386925254722134	5.541783344296828E-4
104-105	0.4825415483990725	6.188324734464792E-4	0.0	0.0024146341714436177	5.700120011276737E-4
106-107	0.5471363111657513	6.412635012686329E-4	0.0	0.002442343088165102	5.845261956008321E-4
108-109	0.616588051192039	6.887645013626059E-4	0.0	0.0024436625603899346	5.884846122753298E-4
110-111	0.6947628220966947	7.072371125102618E-4	0.0	0.00245157939373893	5.937625011746601E-4
112-113	0.7801630229045337	7.19112362533755E-4	0.0	0.0024594962270879255	6.029988067484882E-4
114-115	0.8732451910053478	7.296681403324157E-4	0.0	0.002474010421561084	6.148740567719814E-4
116-117	0.9724483907571604	7.402239181310763E-4	0.0	0.002485885671584577	6.201519456713116E-4
118-119	1.0801094074701498	7.534186403794021E-4	0.0	0.0025109556438563958	6.293882512451397E-4
120-121	1.1975938948970177	7.586965292787325E-4	0.0	0.0025571371717255367	6.359856123693027E-4
122-123	1.3272914172369359	7.771691404263885E-4	0.0	0.0025703318939738623	6.47860862392796E-4
124-125	1.4673375602362162	7.916833348995468E-4	0.0	0.0025808876717725226	6.636945290907869E-4
126-127	1.615446998001448	8.061975293727052E-4	0.0	0.0025901239773463507	6.650140013156194E-4
128-129	1.7732308061191526	8.154338349465333E-4	0.0	0.002598040810695346	6.808476680136103E-4
130-131	1.9459325672108143	8.220311960706961E-4	0.0	0.002629708144091328	6.927229180371035E-4
132-133	2.1361476831426787	8.286285571948591E-4	0.0	0.002648180755238984	7.111955291847596E-4
134-135	2.3411144985481718	8.405038072183523E-4	0.0	0.002674570199735636	7.19112362533755E-4
136-137	2.5580805943662916	8.589764183660083E-4	0.0	0.0027194322553799437	7.349460292317459E-4
138	2.728979956398832	8.708516683895016E-4	0.0	0.0027313075054034366	7.44182334805574E-4
>>END_MODULE
>>Kmer Content	fail
#Sequence	Count	PValue	Obs/Exp Max	Max Obs/Exp Position
CGCGAGT	5250	0.0	12.21593	1
GATCGTA	6865	0.0	11.852135	5
CGTACTA	6225	0.0	10.757162	8
ATCGTAC	7095	0.0	10.250091	6
CGCGGTT	7750	0.0	10.041945	1
TCGACCG	4560	0.0	9.632058	7
CGGGAAT	12285	0.0	9.443794	1
CTCGGAT	18845	0.0	9.368407	1
CCGGGAT	19810	0.0	8.839294	1
ATCGACC	10275	0.0	8.54942	6
GGGATCG	15730	0.0	8.376945	3
GGATCGT	11405	0.0	8.2071085	4
CGCGGAT	5490	0.0	8.137952	1
GTCGGTT	10935	0.0	8.105543	1
CGGGATT	11530	0.0	7.999751	1
CTCGGGT	20635	0.0	7.9969954	1
CGCAAAT	8075	0.0	7.9422455	1
CGGAAAT	10360	0.0	7.790298	1
GGAAAAT	50260	0.0	7.7565856	1
CTCGATT	9580	0.0	7.672386	1
>>END_MODULE
