##FastQC	0.11.5
>>Basic Statistics	pass
#Measure	Value
Filename	MTMUT1_1.fq
File type	Conventional base calls
Encoding	Sanger / Illumina 1.9
Total Sequences	37395701
Sequences flagged as poor quality	0
Sequence length	150
%GC	50
>>END_MODULE
>>Per base sequence quality	pass
#Base	Mean	Median	Lower Quartile	Upper Quartile	10th Percentile	90th Percentile
1	36.57955996064895	37.0	37.0	37.0	37.0	37.0
2	36.593798014376034	37.0	37.0	37.0	37.0	37.0
3	36.65796113836721	37.0	37.0	37.0	37.0	37.0
4	36.6545622182614	37.0	37.0	37.0	37.0	37.0
5	36.665142418375844	37.0	37.0	37.0	37.0	37.0
6	36.63985074113198	37.0	37.0	37.0	37.0	37.0
7	36.640287609530304	37.0	37.0	37.0	37.0	37.0
8	36.6737089110858	37.0	37.0	37.0	37.0	37.0
9	36.683618686543674	37.0	37.0	37.0	37.0	37.0
10-14	36.671751573797216	37.0	37.0	37.0	37.0	37.0
15-19	36.65830387829874	37.0	37.0	37.0	37.0	37.0
20-24	36.6431988158211	37.0	37.0	37.0	37.0	37.0
25-29	36.60622523963383	37.0	37.0	37.0	37.0	37.0
30-34	36.58218268993005	37.0	37.0	37.0	37.0	37.0
35-39	36.57874125691613	37.0	37.0	37.0	37.0	37.0
40-44	36.53838428647187	37.0	37.0	37.0	37.0	37.0
45-49	36.519180972165756	37.0	37.0	37.0	37.0	37.0
50-54	36.50543932309225	37.0	37.0	37.0	37.0	37.0
55-59	36.4812126345753	37.0	37.0	37.0	37.0	37.0
60-64	36.45149191346887	37.0	37.0	37.0	37.0	37.0
65-69	36.42970551615011	37.0	37.0	37.0	37.0	37.0
70-74	36.40448241363359	37.0	37.0	37.0	37.0	37.0
75-79	36.39355540360107	37.0	37.0	37.0	37.0	37.0
80-84	36.36719142128128	37.0	37.0	37.0	37.0	37.0
85-89	36.33669179780852	37.0	37.0	37.0	37.0	37.0
90-94	36.29512013158946	37.0	37.0	37.0	37.0	37.0
95-99	36.275694786414086	37.0	37.0	37.0	37.0	37.0
100-104	36.24092992400383	37.0	37.0	37.0	37.0	37.0
105-109	36.20791093072436	37.0	37.0	37.0	37.0	37.0
110-114	36.18169777857621	37.0	37.0	37.0	37.0	37.0
115-119	36.13591449990468	37.0	37.0	37.0	37.0	37.0
120-124	36.10931491296285	37.0	37.0	37.0	37.0	37.0
125-129	36.079242247658364	37.0	37.0	37.0	37.0	37.0
130-134	36.01632737944931	37.0	37.0	37.0	37.0	37.0
135-139	35.97286120669325	37.0	37.0	37.0	37.0	37.0
140-144	35.89391414804606	37.0	37.0	37.0	37.0	37.0
145-149	35.87577717021537	37.0	37.0	37.0	37.0	37.0
150	35.81583126359899	37.0	37.0	37.0	37.0	37.0
>>END_MODULE
>>Per sequence quality scores	pass
#Quality	Count
13	24.0
14	222.0
15	885.0
16	1780.0
17	3032.0
18	4286.0
19	5811.0
20	7895.0
21	10659.0
22	14273.0
23	19362.0
24	26553.0
25	36034.0
26	50938.0
27	72090.0
28	100944.0
29	139867.0
30	187717.0
31	251099.0
32	336831.0
33	478325.0
34	799484.0
35	2164999.0
36	2.7472672E7
37	5209919.0
>>END_MODULE
>>Per base sequence content	fail
#Base	G	A	T	C
1	31.30237424141561	12.615682924159394	17.708229397274273	38.37371343715073
2	25.636413973519605	21.58927721220099	32.929569786622615	19.84473902765679
3	27.709851908882392	24.586307862759323	21.65877722739048	26.045063000967804
4	29.201244282063332	30.947252466266107	17.851530581015183	21.999972670655378
5	28.549621251918772	30.61309908323419	20.245329804086303	20.59194986076073
6	22.775853053691765	33.17470081677753	20.95981876213367	23.089627367397032
7	20.246892088366334	16.13412668679198	38.64600706658976	24.972974158251926
8	22.544290609388824	19.94829028518026	27.023372030582888	30.484047074848032
9	23.812602722377317	19.515875863581954	28.039909831339422	28.631611582701304
10-14	25.344314446973172	25.61697057368314	24.137753472102645	24.900961507241046
15-19	25.41267992275369	24.186317566289237	25.05201974954287	25.348982761414206
20-24	25.379944913127893	24.906160461122994	24.712508771129375	25.001385854619734
25-29	25.35329127805359	24.872430122382248	24.66762636699871	25.10665223256545
30-34	25.258960114158572	24.93389761566443	24.70419260224591	25.102949667931078
35-39	25.33140747916452	24.85045700841388	24.63114035487662	25.186995157544985
40-44	25.35188612288221	24.825664008708085	24.65058180846383	25.17186805994588
45-49	25.38826257501598	24.78342829701962	24.571466482588452	25.256842645375947
50-54	25.296124279098287	24.818926646140422	24.64361558565248	25.241333489108815
55-59	25.39727361064603	24.756044816553054	24.54662127656461	25.3000602962363
60-64	25.274620737822246	24.77200467508284	24.607893297681464	25.345481289413453
65-69	25.38559499125314	24.798997617399927	24.572988750765763	25.24241864058117
70-74	25.37273736358091	24.779734440597863	24.545373276997804	25.302154918823422
75-79	25.3389168984959	24.73976353592088	24.58075541891834	25.340564146664878
80-84	25.32230589821006	24.774205462815097	24.581714352673853	25.321774286300986
85-89	25.403139788715283	24.81519466636018	24.507316496086005	25.27434904883853
90-94	25.352075095476884	24.779880981506402	24.53964106729808	25.32840285571863
95-99	25.381689729522655	24.829016575996263	24.550127834212816	25.23916586026827
100-104	25.43488514896405	24.805958310555535	24.471365839618837	25.287790700861578
105-109	25.382187647719185	24.82430106070214	24.5246564571687	25.268854834409975
110-114	25.384165949984467	24.849457428274977	24.472055758494808	25.29432086324575
115-119	25.402559915684854	24.8692381758412	24.461995101447545	25.266206807026403
120-124	25.435739257836083	24.852773317446303	24.406143904081382	25.305343520636235
125-129	25.400294541877955	24.9263545026205	24.43772881807992	25.235622137421625
130-134	25.46276642868655	24.91188706423768	24.327020905424394	25.298325601651378
135-139	25.39009871749697	24.9143729114745	24.389264423736837	25.306263947291697
140-144	25.45894393784372	24.94941584246942	24.318994704535605	25.272645515151254
145-149	25.41915981197946	24.967502013132474	24.345172724533228	25.26816545035484
150	25.331307467668545	24.98231280649078	24.378197911037955	25.308181814802722
>>END_MODULE
>>Per sequence GC content	pass
#GC Content	Count
0	1096.0
1	806.5
2	414.0
3	277.0
4	223.0
5	199.0
6	187.0
7	188.0
8	196.5
9	221.5
10	270.5
11	351.5
12	445.0
13	580.5
14	803.0
15	1155.0
16	1678.5
17	2673.0
18	4084.0
19	6110.5
20	9341.0
21	14154.0
22	20844.0
23	31110.0
24	45361.0
25	60674.0
26	79221.0
27	102904.0
28	129114.5
29	158056.5
30	189021.0
31	223930.5
32	265560.0
33	314012.0
34	369857.5
35	428262.5
36	496023.5
37	562023.5
38	629550.5
39	711094.5
40	792495.0
41	862220.0
42	931405.0
43	1007531.0
44	1086741.0
45	1161675.5
46	1224410.0
47	1290074.5
48	1350679.0
49	1394328.0
50	1442912.5
51	1494568.0
52	1521547.0
53	1531263.5
54	1522695.0
55	1492485.5
56	1440635.0
57	1364341.0
58	1275403.0
59	1172740.5
60	1049302.0
61	919252.0
62	790054.0
63	664206.0
64	551165.5
65	450458.0
66	367894.0
67	308999.0
68	265966.5
69	226270.5
70	192926.0
71	168756.5
72	151549.5
73	138015.0
74	124677.5
75	112138.5
76	100257.0
77	90733.5
78	83117.0
79	73950.5
80	63871.5
81	55505.0
82	48146.0
83	41561.0
84	36229.5
85	29924.5
86	21361.5
87	14407.5
88	10696.5
89	7644.5
90	4778.5
91	3162.0
92	2190.0
93	1403.5
94	922.5
95	710.0
96	571.0
97	448.0
98	404.0
99	285.5
100	104.5
>>END_MODULE
>>Per base N content	pass
#Base	N-Count
1	0.06140812816959896
2	0.02089010177934624
3	0.004896284736044926
4	0.0
5	0.0
6	0.0034977282549135797
7	2.9415145874655483E-5
8	5.3482083408464516E-5
9	8.022312511269677E-6
10-14	0.0010493184764740738
15-19	0.0
20-24	9.626775013523614E-6
25-29	0.0
30-34	0.0
35-39	0.0
40-44	2.4601758367893677E-5
45-49	8.022312511269677E-6
50-54	0.0
55-59	1.0696416681692904E-6
60-64	0.0
65-69	0.0
70-74	0.0
75-79	0.0
80-84	0.0
85-89	0.0
90-94	0.0
95-99	0.0
100-104	0.0
105-109	0.0
110-114	0.0
115-119	1.6044625022539356E-6
120-124	0.0
125-129	0.0
130-134	0.0
135-139	0.0
140-144	1.6044625022539356E-6
145-149	0.0
150	0.0
>>END_MODULE
>>Sequence Length Distribution	pass
#Length	Count
150	3.7395701E7
>>END_MODULE
>>Sequence Duplication Levels	fail
#Total Deduplicated Percentage	47.27035795320075
#Duplication Level	Percentage of deduplicated	Percentage of total
1	64.0527770231272	30.27797697779775
2	18.581911900196605	17.567472539542685
3	7.3200823015722065	10.380687319266233
4	3.5382796910845187	6.690229901444229
5	1.8845776813747397	4.454233079459852
6	1.1567255561355259	3.2807298655284907
7	0.7466037293578879	2.470455787515938
8	0.5297764340698676	2.003417733892232
9	0.3853744859063705	1.6395110905342367
>10	1.666985029885297	13.523134690122873
>50	0.08895863914338438	2.8713982782270593
>100	0.045348906819929466	3.8316315394273723
>500	0.0021096095619759325	0.651300820786047
>1k	4.890117644952117E-4	0.35782037645496245
>5k	0.0	0.0
>10k+	0.0	0.0
>>END_MODULE
>>Overrepresented sequences	pass
>>END_MODULE
>>Adapter Content	pass
#Position	Illumina Universal Adapter	Illumina Small RNA 3' Adapter	Illumina Small RNA 5' Adapter	Nextera Transposase Sequence	SOLID Small RNA Adapter
1	2.1392833363385808E-5	8.022312511269677E-6	0.0	5.348208340846452E-6	2.674104170423226E-6
2	3.7437458385925165E-5	3.7437458385925165E-5	0.0	4.011156255634839E-5	1.0696416681692904E-5
3	8.824543762396645E-5	4.2785666726771616E-5	0.0	4.8133875067618066E-5	3.476335421550194E-5
4	1.7916497941835614E-4	4.2785666726771616E-5	0.0	6.417850009015742E-5	3.476335421550194E-5
5	1.9253550027047226E-4	4.2785666726771616E-5	0.0	7.487491677185033E-5	3.7437458385925165E-5
6	2.166024378042813E-4	4.545977089719484E-5	0.0	9.359364596481291E-5	4.2785666726771616E-5
7	2.2462475031555097E-4	5.883029174931097E-5	0.0	9.894185430565936E-5	5.3482083408464516E-5
8	2.8612914623528515E-4	6.685260426058065E-5	0.0	1.6579445856624E-4	5.615618757888774E-5
9	3.235666046212103E-4	7.22008126014271E-5	0.0	1.7114266690708646E-4	6.15043959197342E-5
10-11	4.1181204224517676E-4	8.156017719790839E-5	0.0	2.1259128154864647E-4	6.551555217536904E-5
12-13	5.027315840395665E-4	1.0161595847608258E-4	2.674104170423226E-6	2.2863590657118583E-4	7.22008126014271E-5
14-15	6.310885842198814E-4	1.1632353141341034E-4	2.674104170423226E-6	2.7275862538316903E-4	7.487491677185033E-5
16-17	7.728161052523122E-4	1.230087918394684E-4	2.674104170423226E-6	3.088590316838826E-4	7.621196885706194E-5
18-19	9.239029908812246E-4	1.3103110435073808E-4	2.674104170423226E-6	3.2891481296205675E-4	1.0027890639087097E-4
20-21	0.001136494272429871	1.3637931269158454E-4	2.674104170423226E-6	3.890821567965794E-4	1.123123751577755E-4
22-23	0.0013691413352566917	1.5108688562891226E-4	2.674104170423226E-6	4.773275944205458E-4	1.337052085211613E-4
24-25	0.0015683620959532222	1.6178330231060518E-4	2.674104170423226E-6	7.179969697586362E-4	1.4841278145848904E-4
26-27	0.0017782792733314454	1.8050203150356774E-4	2.674104170423226E-6	7.621196885706195E-4	1.6312035439581678E-4
28-29	0.001986859398624457	2.0991717737822322E-4	2.674104170423226E-6	7.728161052523122E-4	1.6713151065145162E-4
30-31	0.0022636291802632606	2.2195064614512775E-4	2.674104170423226E-6	7.915348344452748E-4	1.7247971899229806E-4
32-33	0.0025658029515210853	2.286359065711858E-4	2.674104170423226E-6	8.717579595579716E-4	1.978837086113187E-4
34-35	0.0029014030249092	2.393323232528787E-4	2.674104170423226E-6	9.198918346255897E-4	2.0991717737822322E-4
36-37	0.003263744140001547	2.754327295535923E-4	2.674104170423226E-6	9.680257096932078E-4	2.1927654197470453E-4
38-39	0.0036247482030086825	2.9415145874655483E-4	2.674104170423226E-6	0.0010348783139537885	2.259618024007626E-4
40-41	0.003948314807629893	3.0351082334303616E-4	2.674104170423226E-6	0.0010937086057030993	2.4200642742330195E-4
42-43	0.004298622453955335	3.1287018793951744E-4	2.674104170423226E-6	0.0011151014390664853	2.4869168784936004E-4
44-45	0.004754557215012495	3.2624070879163356E-4	2.674104170423226E-6	0.0011685835224749495	2.5671400036062967E-4
46-47	0.0052653111115633314	3.3292596921769165E-4	2.674104170423226E-6	0.0012381102309059536	2.6473631287189935E-4
48-49	0.0057961207893923415	3.4094828172896133E-4	2.674104170423226E-6	0.0012421213871615885	2.7008452121274584E-4
50-51	0.006478017352850265	3.476335421550194E-4	2.674104170423226E-6	0.0012595030642693393	2.7810683372401547E-4
52-53	0.007224092416398345	3.596670109219239E-4	2.674104170423226E-6	0.0012635142205249742	2.8612914623528515E-4
54-55	0.008037020084207005	3.6635227134798197E-4	2.674104170423226E-6	0.0012768847413770904	2.9415145874655483E-4
56-57	0.0090612019814791	3.864080526261561E-4	2.674104170423226E-6	0.001302288730996111	3.0484787542824776E-4
58-59	0.010479814243888622	3.9710446930784905E-4	2.674104170423226E-6	0.0013223445122742853	3.195554483655755E-4
60-61	0.01229419392352078	3.997785734782723E-4	2.674104170423226E-6	0.001395882376960924	3.2757776087684516E-4
62-63	0.014573867728806582	4.0512678181911873E-4	2.674104170423226E-6	0.0014493644603693885	3.3961122964374973E-4
64-65	0.016840171013240264	4.1849730267123485E-4	2.674104170423226E-6	0.001481453710414467	3.5565585466628904E-4
66-67	0.01951293813157828	4.4791244854589033E-4	2.674104170423226E-6	0.001506857700033488	3.7036342760361676E-4
68-69	0.02299328470938411	4.6930528190927614E-4	2.674104170423226E-6	0.0015255764292264504	3.8507100054094453E-4
70-71	0.027628844288812772	4.947092715282968E-4	2.674104170423226E-6	0.0015523174709306826	3.944303651374258E-4
72-73	0.03313616182779941	4.9738337569872E-4	2.674104170423226E-6	0.0015951031376574543	4.144861464156E-4
74-75	0.03975189554542646	5.107538965508361E-4	2.674104170423226E-6	0.0016713151065145162	4.238455110120813E-4
76-77	0.04719927566005515	5.21450313232529E-4	2.674104170423226E-6	0.0017408418149455203	4.358789797789858E-4
78-79	0.056336689610391316	5.32146729914222E-4	2.674104170423226E-6	0.001803683262950466	4.519236048015252E-4
80-81	0.06743154781347727	5.361578861698568E-4	2.674104170423226E-6	0.0019975558153061497	4.6262002148321805E-4
82-83	0.0810440750930167	5.401690424254916E-4	2.674104170423226E-6	0.002048363794544191	4.6796822982406454E-4
84-85	0.09707265549053352	5.642359799593007E-4	2.674104170423226E-6	0.002104519982123079	4.706423339944878E-4
86-87	0.11513622916174242	5.749323966409936E-4	2.674104170423226E-6	0.00214730564884985	4.7331643816491103E-4
88-89	0.13612794689956476	5.909770216635329E-4	2.674104170423226E-6	0.0021686984822132365	4.786646465057574E-4
90-91	0.16047967652752385	6.083586987712839E-4	2.674104170423226E-6	0.002210147096854796	4.8133875067618066E-4
92-93	0.1883692459729529	6.310885842198814E-4	2.674104170423226E-6	0.0022342140343886052	4.853499069318155E-4
94-95	0.21979932934002228	6.444591050719974E-4	2.674104170423226E-6	0.0022542698156667795	4.893610631874503E-4
96-97	0.2547431855870278	6.551555217536903E-4	2.674104170423226E-6	0.002281010857371012	5.174391569768942E-4
98-99	0.2935163590060793	6.752113030318646E-4	2.674104170423226E-6	0.0023010666386491857	5.267985215733755E-4
100-101	0.3364624719830763	6.966041363952503E-4	2.674104170423226E-6	0.002335829992864688	5.32146729914222E-4
102-103	0.3852715583537263	7.126487614177897E-4	2.674104170423226E-6	0.002351874617887227	5.602248237036658E-4
104-105	0.4380971491883519	7.273563343551175E-4	2.674104170423226E-6	0.0023732674512506133	5.856288133226865E-4
106-107	0.4950702755913039	7.407268552072335E-4	2.674104170423226E-6	0.002389312076273152	5.949881779191678E-4
108-109	0.5569503831469826	7.661308448262542E-4	2.674104170423226E-6	0.0023959973366992106	6.016734383452258E-4
110-111	0.6254956953474411	7.848495740192168E-4	2.674104170423226E-6	0.0024093678575513268	6.070216466860723E-4
112-113	0.7001874359836175	7.861866261044284E-4	2.674104170423226E-6	0.0024120419617217497	6.070216466860723E-4
114-115	0.7798449880642697	7.861866261044284E-4	2.674104170423226E-6	0.0024200642742330195	6.123698550269187E-4
116-117	0.8646755946626057	7.995571469565446E-4	2.674104170423226E-6	0.0024267495346590776	6.15043959197342E-4
118-119	0.9549426550394122	8.035683032121794E-4	2.674104170423226E-6	0.0024521535242780983	6.417850009015741E-4
120-121	1.0532133091982954	8.15601771979084E-4	2.674104170423226E-6	0.002474883409726696	6.658519384353833E-4
122-123	1.1613166443918246	8.423428136833162E-4	2.674104170423226E-6	0.002484242774323177	6.765483551170762E-4
124-125	1.2755704191773272	8.623985949614903E-4	2.674104170423226E-6	0.0025029615035161395	6.778854072022878E-4
126-127	1.3964492870450536	8.7042090747276E-4	2.674104170423226E-6	0.0025109838160274093	6.87244771798769E-4
128-129	1.525694089809949	8.98499001262204E-4	2.674104170423226E-6	0.002521680232709102	6.925929801396154E-4
130-131	1.6634839924514317	9.091954179438968E-4	2.674104170423226E-6	0.0025484212744133344	7.086376051621548E-4
132-133	1.8140547759754524	9.158806783699548E-4	2.674104170423226E-6	0.0025658029515210853	7.407268552072335E-4
134-135	1.9756535650982983	9.225659387960129E-4	2.674104170423226E-6	0.0025764993682027785	7.4607506354808E-4
136-137	2.144730486533733	9.359364596481291E-4	2.674104170423226E-6	0.0026099256703330685	7.567714802297729E-4
138	2.277973075033411	9.412846679889756E-4	2.674104170423226E-6	0.0026179479828443383	7.674678969114659E-4
>>END_MODULE
>>Kmer Content	fail
#Sequence	Count	PValue	Obs/Exp Max	Max Obs/Exp Position
GATCGTA	6880	0.0	11.512197	5
ATCGTAC	7360	0.0	10.957065	6
CGCGAGT	5665	0.0	10.4311075	1
CGTACTA	6640	0.0	10.410028	8
CGCGGTT	8430	0.0	10.343662	1
CGGGAAT	12010	0.0	9.660495	1
TCGACCG	4590	0.0	9.412129	7
CGCGTTT	3165	0.0	8.652197	1
CCGGGAT	19130	0.0	8.438195	1
CTCGGAT	19750	0.0	8.319251	1
GGATCGT	11890	0.0	8.235691	4
GGGATCG	15510	0.0	8.217183	3
CGGAAAT	10180	0.0	8.21158	1
CGGGATT	11790	0.0	8.0682	1
CTCGAAT	10435	0.0	7.734675	1
CCGGAAT	12180	0.0	7.6915264	1
CTCGGGT	20405	0.0	7.55777	1
GTCGGTT	10865	0.0	7.4285626	1
CGCAATT	5645	0.0	7.404241	1
GGCGAAT	9890	0.0	7.2136555	1
>>END_MODULE
