##FastQC	0.11.5
>>Basic Statistics	pass
#Measure	Value
Filename	MTWT4_2.fq
File type	Conventional base calls
Encoding	Sanger / Illumina 1.9
Total Sequences	36335162
Sequences flagged as poor quality	0
Sequence length	150
%GC	50
>>END_MODULE
>>Per base sequence quality	pass
#Base	Mean	Median	Lower Quartile	Upper Quartile	10th Percentile	90th Percentile
1	36.57569951112369	37.0	37.0	37.0	37.0	37.0
2	36.58882583212372	37.0	37.0	37.0	37.0	37.0
3	36.60601617793805	37.0	37.0	37.0	37.0	37.0
4	36.59435683815033	37.0	37.0	37.0	37.0	37.0
5	36.59367193684179	37.0	37.0	37.0	37.0	37.0
6	36.56117707690419	37.0	37.0	37.0	37.0	37.0
7	36.53627062403079	37.0	37.0	37.0	37.0	37.0
8	36.59826897152681	37.0	37.0	37.0	37.0	37.0
9	36.59463458563911	37.0	37.0	37.0	37.0	37.0
10-14	36.587818763543694	37.0	37.0	37.0	37.0	37.0
15-19	36.579712896284875	37.0	37.0	37.0	37.0	37.0
20-24	36.55306605761108	37.0	37.0	37.0	37.0	37.0
25-29	36.51202616352722	37.0	37.0	37.0	37.0	37.0
30-34	36.487022185287074	37.0	37.0	37.0	37.0	37.0
35-39	36.461754737738616	37.0	37.0	37.0	37.0	37.0
40-44	36.417498526633786	37.0	37.0	37.0	37.0	37.0
45-49	36.39106397268849	37.0	37.0	37.0	37.0	37.0
50-54	36.3472537813372	37.0	37.0	37.0	37.0	37.0
55-59	36.33013158989081	37.0	37.0	37.0	37.0	37.0
60-64	36.296699395478136	37.0	37.0	37.0	37.0	37.0
65-69	36.244341175635874	37.0	37.0	37.0	37.0	37.0
70-74	36.21451138706909	37.0	37.0	37.0	37.0	37.0
75-79	36.16647196453947	37.0	37.0	37.0	37.0	37.0
80-84	36.13344898255854	37.0	37.0	37.0	37.0	37.0
85-89	36.09167268884063	37.0	37.0	37.0	37.0	37.0
90-94	36.05422419748672	37.0	37.0	37.0	37.0	37.0
95-99	35.99611937329466	37.0	37.0	37.0	37.0	37.0
100-104	35.939151524905824	37.0	37.0	37.0	37.0	37.0
105-109	35.91880979641703	37.0	37.0	37.0	37.0	37.0
110-114	35.85727214866965	37.0	37.0	37.0	37.0	37.0
115-119	35.786220807272024	37.0	37.0	37.0	37.0	37.0
120-124	35.75788067767525	37.0	37.0	37.0	37.0	37.0
125-129	35.70636711623854	37.0	37.0	37.0	37.0	37.0
130-134	35.58845836437994	37.0	37.0	37.0	37.0	37.0
135-139	35.57328319053593	37.0	37.0	37.0	37.0	37.0
140-144	35.52501329703718	37.0	37.0	37.0	37.0	37.0
145-149	35.343827573962656	37.0	37.0	37.0	37.0	37.0
150	35.23397600373985	37.0	37.0	37.0	25.0	37.0
>>END_MODULE
>>Per sequence quality scores	pass
#Quality	Count
11	4.0
12	142.0
13	805.0
14	1449.0
15	1894.0
16	2642.0
17	3809.0
18	5429.0
19	8030.0
20	11558.0
21	16571.0
22	22807.0
23	30713.0
24	39353.0
25	50337.0
26	62825.0
27	79582.0
28	101418.0
29	132119.0
30	174835.0
31	236489.0
32	339964.0
33	548195.0
34	1144358.0
35	4300771.0
36	2.6942606E7
37	2076457.0
>>END_MODULE
>>Per base sequence content	fail
#Base	G	A	T	C
1	30.4589932004422	12.723027452447777	18.875787436393903	37.94219191071612
2	25.849829969604798	22.09584066792387	31.829725760623184	20.224603601848152
3	27.966662154967135	24.999051882581398	21.41507171483094	25.619214247620526
4	29.751875057004014	30.457378998337752	17.49338285597846	22.297363088679774
5	28.576022311390826	30.671182916426794	20.13836074268776	20.614434029494625
6	22.94760926069354	32.79768506330039	20.96891985785009	23.285785818155976
7	20.328834642322498	16.395542697731745	38.46977206266481	24.805850597280948
8	22.331049466629597	19.93701032625092	27.407933395205447	30.324006811914035
9	23.737018153379914	19.86966784405695	28.069515693916543	28.32379830864659
10-14	25.248035497956494	25.664448117776384	24.308101337211596	24.779415047055522
15-19	25.33396713629624	24.201458080742835	25.18516691903011	25.279407863930814
20-24	25.299478780361568	24.934397155020253	24.855381131918445	24.910742932699737
25-29	25.264990424426898	24.871777921342417	24.791015380638733	25.07221627359196
30-34	25.179782341506847	24.97218837010077	24.82458202632562	25.023447262066767
35-39	25.26251293444075	24.876171461682212	24.714572622519203	25.14674298135784
40-44	25.28090215734453	24.84951889823214	24.75710978417968	25.112469160243645
45-49	25.32561078580636	24.796147312960777	24.653914280272883	25.224327620959976
50-54	25.232395212700837	24.845973760625377	24.737709129655958	25.18392189701783
55-59	25.344665962533096	24.76241051379018	24.622433115154525	25.2704904085222
60-64	25.20848305172446	24.792687990325007	24.688659825296817	25.31016913265371
65-69	25.35060296539572	24.798863239233278	24.634880769322372	25.215653026048635
70-74	25.319211732150805	24.785900225241875	24.624330008491498	25.270558034115826
75-79	25.31732837343495	24.75106021983725	24.625299362300744	25.30631204442706
80-84	25.2805961762322	24.76945675435384	24.648679441269838	25.30126762814412
85-89	25.39084840618956	24.798418950749898	24.55609499752438	25.254637645536164
90-94	25.332114033011678	24.761108906665086	24.605232319991675	25.30154474033156
95-99	25.400636441362227	24.80142403108042	24.59305616966838	25.20488335788898
100-104	25.45129866216091	24.76450001791653	24.52313106516492	25.26107025475764
105-109	25.43736395065474	24.775769542461376	24.584241567438177	25.202624939445705
110-114	25.466698070590688	24.78335228008616	24.516980549034017	25.23296910028914
115-119	25.52313266141486	24.8079824165914	24.514114454753223	25.15477046724052
120-124	25.60089535310177	24.757884938011284	24.451721998652435	25.18949771023451
125-129	25.60278498276683	24.86098451962317	24.4943055434843	25.041924954125705
130-134	25.747776767859186	24.79709434073804	24.35854999077753	25.09657890062524
135-139	25.70518496656214	24.84055637346546	24.440290647389986	25.01396801258241
140-144	25.881488019786453	24.83920781748544	24.321714597006615	24.95758956572149
145-149	25.910716006767014	24.88599859564299	24.37193218737894	24.831353210211052
150	25.923798407195058	24.88754276644437	24.37708933383672	24.811569492523848
>>END_MODULE
>>Per sequence GC content	pass
#GC Content	Count
0	4819.0
1	3742.0
2	2218.0
3	1567.5
4	1210.0
5	1003.5
6	911.5
7	843.0
8	804.5
9	829.0
10	916.0
11	1021.5
12	1103.5
13	1227.0
14	1481.0
15	1943.0
16	2550.5
17	3563.0
18	5002.5
19	7082.5
20	10334.5
21	14914.0
22	21554.0
23	31941.0
24	45925.0
25	61557.0
26	80097.0
27	103007.0
28	128796.5
29	157416.5
30	188376.5
31	222653.5
32	263267.5
33	310084.0
34	363767.5
35	419631.0
36	484322.0
37	548119.0
38	614303.5
39	694381.5
40	770153.5
41	835095.0
42	904440.5
43	981123.5
44	1056455.5
45	1128269.0
46	1192297.0
47	1256450.0
48	1312316.0
49	1349695.0
50	1396385.0
51	1449187.5
52	1476020.0
53	1489548.5
54	1484472.0
55	1452909.5
56	1399798.5
57	1324211.5
58	1238713.0
59	1138480.0
60	1017561.0
61	890178.0
62	761195.0
63	637440.5
64	527929.0
65	432112.5
66	352475.5
67	294069.0
68	252182.0
69	213256.5
70	181722.5
71	159652.5
72	145312.5
73	134198.5
74	121217.5
75	108578.0
76	97010.5
77	88277.0
78	80596.5
79	71350.5
80	61406.0
81	53221.0
82	46149.5
83	39265.5
84	33837.0
85	27667.0
86	19802.5
87	13660.5
88	9944.5
89	7042.0
90	4375.0
91	2829.0
92	1962.5
93	1325.0
94	946.0
95	743.5
96	573.0
97	413.5
98	298.0
99	228.0
100	683.0
>>END_MODULE
>>Per base N content	pass
#Base	N-Count
1	1.376077530629972E-5
2	0.0013265387395272933
3	0.0
4	0.0
5	0.0
6	0.0
7	0.0
8	0.0
9	0.0
10-14	0.0
15-19	0.0
20-24	0.0
25-29	0.0
30-34	7.706034171527843E-6
35-39	0.0
40-44	3.8530170857639215E-6
45-49	5.5043101225198885E-6
50-54	3.280568833021854E-4
55-59	2.8622412637103422E-5
60-64	6.0547411347718776E-6
65-69	1.6127628658983272E-4
70-74	0.0
75-79	2.47693955513395E-5
80-84	7.375775564176652E-5
85-89	1.1008620245039776E-6
90-94	1.816422340431563E-5
95-99	0.0
100-104	0.0
105-109	0.0
110-114	0.0
115-119	0.0
120-124	0.0
125-129	0.0
130-134	0.0
135-139	0.0
140-144	0.0
145-149	0.015559033423326969
150	4.403448098015911E-5
>>END_MODULE
>>Sequence Length Distribution	pass
#Length	Count
150	3.6335162E7
>>END_MODULE
>>Sequence Duplication Levels	fail
#Total Deduplicated Percentage	46.61052509750051
#Duplication Level	Percentage of deduplicated	Percentage of total
1	62.849687466081775	29.294569350078685
2	19.1119767932369	17.81638547968032
3	7.5573016539031395	10.567493952259035
4	3.615550146605051	6.740907633984255
5	2.0355537628503466	4.743911487532385
6	1.182824536923143	3.3079243658517345
7	0.7914797363923521	2.582390028209517
8	0.543910538738373	2.028156465332797
9	0.3996892917945552	1.676675498975309
>10	1.7805145358477918	14.146755959745358
>50	0.08829004663587237	2.7977729411940033
>100	0.04096814138136931	3.425175138384453
>500	0.0018258122516267574	0.5518504899058281
>1k	4.208785459175618E-4	0.28620080081943794
>5k	0.0	0.0
>10k+	6.6588118322351866E-6	0.03383040804682654
>>END_MODULE
>>Overrepresented sequences	pass
>>END_MODULE
>>Adapter Content	pass
#Position	Illumina Universal Adapter	Illumina Small RNA 3' Adapter	Illumina Small RNA 5' Adapter	Nextera Transposase Sequence	SOLID Small RNA Adapter
1	4.1282325918899164E-5	1.3760775306299721E-5	0.0	8.256465183779833E-6	0.0
2	6.0547411347718774E-5	3.5778015796379276E-5	0.0	5.229094616393894E-5	0.0
3	7.981249677653839E-5	3.853017085763922E-5	0.0	6.0547411347718774E-5	2.7521550612599443E-6
4	1.431120631855171E-4	3.853017085763922E-5	0.0	8.531680689905828E-5	8.256465183779833E-6
5	1.5412068343055688E-4	3.853017085763922E-5	0.0	9.632542714409806E-5	1.3760775306299721E-5
6	1.8439438910441627E-4	4.1282325918899164E-5	0.0	1.1559051257291766E-4	1.3760775306299721E-5
7	1.926508542881961E-4	5.5043101225198885E-5	0.0	1.293512878792174E-4	1.6512930367559666E-5
8	2.7521550612599445E-4	8.531680689905828E-5	0.0	2.0090731947197593E-4	2.47693955513395E-5
9	3.164978320448936E-4	8.806896196031822E-5	0.0	2.036594745332359E-4	2.47693955513395E-5
10-11	4.375926547403312E-4	1.0182973726661793E-4	0.0	2.2842887008457538E-4	3.715409332700925E-5
12-13	5.174051515168696E-4	1.2109482269543755E-4	0.0	2.669590409422146E-4	4.816271357204903E-5
14-15	6.233631213753775E-4	1.3210344294047733E-4	0.0	3.027370567385939E-4	5.366702369456892E-5
16-17	7.430818665401849E-4	1.3623167553236724E-4	0.0	3.206260646367835E-4	5.6419178755828854E-5
18-19	9.123394028076715E-4	1.5136852836929694E-4	0.0	3.3851507253497315E-4	6.0547411347718774E-5
20-21	0.0011091184896877574	1.6650538120622664E-4	0.0	4.2245580190340145E-4	6.742779900086864E-5
22-23	0.0013650689103849325	1.8439438910441627E-4	0.0	5.256616167006493E-4	7.706034171527844E-5
24-25	0.0015701044624487981	1.9540300934945605E-4	0.0	7.568426418464847E-4	9.494934961346807E-5
26-27	0.0018370635033910128	2.2017240490079554E-4	0.0	8.270225959086132E-4	1.3210344294047733E-4
28-29	0.0021879632737016553	2.573264982278048E-4	0.0	8.545441465212127E-4	1.678814587368566E-4
30-31	0.0026324363160951368	2.724633510647345E-4	0.0	8.903221623175919E-4	1.7200969132874651E-4
32-33	0.0031292003046525566	2.9448059155481404E-4	0.0	0.0010141691400742895	1.871465441656762E-4
34-35	0.003592938432474857	3.164978320448936E-4	0.0	0.001088477326728308	1.9540300934945605E-4
36-37	0.004066309103011568	3.536519253719029E-4	0.0	0.001139392195361617	2.0778770712512578E-4
38-39	0.004622244425386076	3.605323130250527E-4	0.0	0.0011737941336273663	2.1466809477827567E-4
40-41	0.005099743328514677	3.646605456169426E-4	0.0	0.0012081960718931155	2.174202498395356E-4
42-43	0.005674943736318005	3.742930883313524E-4	0.0	0.0012315893899138251	2.2567671502331542E-4
44-45	0.0063161958655915725	3.811734759845023E-4	0.0	0.0012742477933633542	2.325571026764653E-4
46-47	0.00694231114202821	3.9080601869891205E-4	0.0	0.0013884622284056419	2.3668533526835522E-4
48-49	0.007573930728587367	3.9493425129080197E-4	0.0	0.0013953426160587918	2.421896453908751E-4
50-51	0.008274354191678022	4.0869502659710173E-4	0.0	0.0014063512363038314	2.5044611057465494E-4
52-53	0.009116513640423565	4.1144718165836165E-4	0.0	0.0014077273138344616	2.559504206971748E-4
54-55	0.009943536236332179	4.210797243727715E-4	0.0	0.0014159837790182414	2.6558296341158466E-4
56-57	0.010932935980855128	4.3346442214844125E-4	0.0	0.0014572661049371406	2.8347197130977424E-4
58-59	0.012088841106584307	4.5548166263852075E-4	0.0	0.00148478765554974	3.0961744439174377E-4
60-61	0.013724997290503343	4.609859727610407E-4	0.0	0.0015522154545506085	3.220021421674135E-4
62-63	0.015657010143507823	4.843792907817502E-4	0.0	0.0016045064007145476	3.3851507253497315E-4
64-65	0.017540860282940256	5.146529964556096E-4	0.0	0.0016168910984902174	3.4539546018812304E-4
66-67	0.019668276145294192	5.463027796600989E-4	0.0	0.0016471648041640767	3.564040804331628E-4
68-69	0.022430063749268547	5.820807954564783E-4	0.0	0.001680190664899196	3.6741270067820254E-4
70-71	0.02619363579554152	6.040980359465578E-4	0.0	0.0017200969132874651	3.756691658619824E-4
72-73	0.030448467520249392	6.082262685384477E-4	0.0	0.0017600031616757344	3.990624838826919E-4
74-75	0.035315653746087604	6.164827337222275E-4	0.0	0.0018122941078396733	4.073189490664717E-4
76-77	0.04127957376383791	6.206109663141174E-4	0.0	0.0018356874258603829	4.2245580190340145E-4
78-79	0.048568656443584865	6.357478191510471E-4	0.0	0.0018645850540036123	4.3484049967907115E-4
80-81	0.05737004832949417	6.522607495186068E-4	0.0	0.0020393469003936186	4.4309696486285105E-4
82-83	0.06754476559097218	6.577650596411267E-4	0.0	0.0020971421566800775	4.4584911992411096E-4
84-85	0.0797946077686402	6.715258349474264E-4	0.0	0.002159065645558426	4.5548166263852075E-4
86-87	0.09403701021066041	6.770301450699463E-4	0.0	0.0021962197388854356	4.596098952304107E-4
88-89	0.10984676496006815	6.784062226005763E-4	0.0	0.0022031001265385855	4.6649028288356056E-4
90-91	0.12869765105216815	7.031756181519158E-4	0.0	0.0022622714603556743	4.7887498065923026E-4
92-93	0.15097772235059803	7.251928586419953E-4	0.0	0.0022870408559070134	4.8162713572049023E-4
94-95	0.17635396809294535	7.375775564176651E-4	0.0	0.0022980494761520535	4.9814006608805E-4
96-97	0.20402000684626093	7.513383317239648E-4	0.0	0.002322818871703393	5.105247638637197E-4
98-99	0.2348881780133525	7.706034171527845E-4	0.0	0.0023420839571322125	5.311659268231693E-4
100-101	0.26974835009680154	7.898685025816039E-4	0.0	0.002348964344785363	5.394223920069492E-4
102-103	0.3102628247536092	8.118857430716836E-4	0.0	0.0023558447324385124	5.600635549663986E-4
104-105	0.3545394953791592	8.311508285005031E-4	0.0	0.0023861184381123715	6.054741134771877E-4
106-107	0.4026650548578812	8.380312161536531E-4	0.0	0.0024136399887249712	6.357478191510471E-4
108-109	0.45528350747411006	8.655527667662524E-4	0.0	0.002419144298847491	6.618932922330166E-4
110-111	0.513788819766374	8.972025499707418E-4	0.0	0.002427400764031271	6.660215248249066E-4
112-113	0.5780337514388955	8.999547050320019E-4	0.0	0.002437033306745681	6.742779900086864E-4
114-115	0.6480595848175934	9.095872477464116E-4	0.0	0.002443913694398831	6.85286610253726E-4
116-117	0.722594824264166	9.288523331752312E-4	0.0	0.0024494180045213504	6.92166997906876E-4
118-119	0.802679784391769	9.343566432977511E-4	0.0	0.00247556347760332	7.100560058050656E-4
120-121	0.8915055889939337	9.536217287265707E-4	0.0	0.0024920764079708795	7.169363934582155E-4
122-123	0.9896047800750138	9.811432793391701E-4	0.0	0.0025030850282159196	7.251928586419953E-4
124-125	1.0945472047159166	9.976562097067298E-4	2.7521550612599443E-6	0.002520974036114109	7.40329711478925E-4
126-127	1.2060851689611292	0.0010017844422986197	2.7521550612599443E-6	0.0025402391215429286	7.430818665401849E-4
128-129	1.3264547987979247	0.0010100409074823996	2.7521550612599443E-6	0.0025595042069717485	7.499622541933349E-4
130-131	1.4572028053707315	0.0010155452176049194	2.7521550612599443E-6	0.0025773932148699377	7.664751845608945E-4
132-133	1.6003423901068612	0.0010279299153805892	2.7521550612599443E-6	0.0025897779126456077	7.816120373978242E-4
134-135	1.7551772577758151	0.0010416906906868888	2.7521550612599443E-6	0.002603538687951907	8.022532003572737E-4
136-137	1.920658837299253	0.0010458189232787787	2.7521550612599443E-6	0.002661333944238366	8.270225959086132E-4
138	2.050625231834662	0.0010540753884625586	2.7521550612599443E-6	0.0026778468746059257	8.39407293684283E-4
>>END_MODULE
>>Kmer Content	fail
#Sequence	Count	PValue	Obs/Exp Max	Max Obs/Exp Position
CGCGAGT	5330	0.0	14.859155	1
GATCGTA	6400	0.0	12.937277	5
CGTACTA	6055	0.0	11.177348	8
ATCGTAC	6860	0.0	10.915264	6
CGGGAAT	11675	0.0	10.113828	1
TCGACCG	4700	0.0	9.497709	7
GGATCGT	11055	0.0	9.248145	4
ATCGACC	9955	0.0	8.75123	6
GGGATCG	15095	0.0	8.442385	3
CCGGTAT	6345	0.0	8.170139	1
CGGGGAT	21705	0.0	7.9944	1
CTCGGGT	19895	0.0	7.8169694	1
CGCGTTT	3055	0.0	7.7773447	1
CCGGGAT	18280	0.0	7.680456	1
CGCAAAT	7845	0.0	7.617523	1
CGCGAAT	1725	2.257002E-7	7.5129766	1
CGCGGAT	5660	0.0	7.505233	1
CTCGGAT	19135	0.0	7.4501557	1
CGCGGTT	6380	0.0	7.448209	1
TCGGGTC	13685	0.0	7.418275	2
>>END_MODULE
