##FastQC	0.11.5
>>Basic Statistics	pass
#Measure	Value
Filename	MTGFP4_2.fq
File type	Conventional base calls
Encoding	Sanger / Illumina 1.9
Total Sequences	36713734
Sequences flagged as poor quality	0
Sequence length	150
%GC	50
>>END_MODULE
>>Per base sequence quality	pass
#Base	Mean	Median	Lower Quartile	Upper Quartile	10th Percentile	90th Percentile
1	36.56311880453239	37.0	37.0	37.0	37.0	37.0
2	36.588444831027	37.0	37.0	37.0	37.0	37.0
3	36.607592624602006	37.0	37.0	37.0	37.0	37.0
4	36.59096892732295	37.0	37.0	37.0	37.0	37.0
5	36.58892271758574	37.0	37.0	37.0	37.0	37.0
6	36.555879878630705	37.0	37.0	37.0	37.0	37.0
7	36.53381440307869	37.0	37.0	37.0	37.0	37.0
8	36.590491939610395	37.0	37.0	37.0	37.0	37.0
9	36.589019411645786	37.0	37.0	37.0	37.0	37.0
10-14	36.581048966580184	37.0	37.0	37.0	37.0	37.0
15-19	36.571306083984815	37.0	37.0	37.0	37.0	37.0
20-24	36.543519817406754	37.0	37.0	37.0	37.0	37.0
25-29	36.50216679131575	37.0	37.0	37.0	37.0	37.0
30-34	36.476297954329574	37.0	37.0	37.0	37.0	37.0
35-39	36.450563780845606	37.0	37.0	37.0	37.0	37.0
40-44	36.40656108147431	37.0	37.0	37.0	37.0	37.0
45-49	36.379426625469364	37.0	37.0	37.0	37.0	37.0
50-54	36.33658421668578	37.0	37.0	37.0	37.0	37.0
55-59	36.31824748199134	37.0	37.0	37.0	37.0	37.0
60-64	36.28447563519417	37.0	37.0	37.0	37.0	37.0
65-69	36.23231939306419	37.0	37.0	37.0	37.0	37.0
70-74	36.20102847615554	37.0	37.0	37.0	37.0	37.0
75-79	36.154676198285905	37.0	37.0	37.0	37.0	37.0
80-84	36.11898718337939	37.0	37.0	37.0	37.0	37.0
85-89	36.07756323560006	37.0	37.0	37.0	37.0	37.0
90-94	36.03887911809788	37.0	37.0	37.0	37.0	37.0
95-99	35.9805991621555	37.0	37.0	37.0	37.0	37.0
100-104	35.9220822376716	37.0	37.0	37.0	37.0	37.0
105-109	35.901728208849576	37.0	37.0	37.0	37.0	37.0
110-114	35.837757782959365	37.0	37.0	37.0	37.0	37.0
115-119	35.76535179995584	37.0	37.0	37.0	37.0	37.0
120-124	35.73731335526917	37.0	37.0	37.0	37.0	37.0
125-129	35.68306932767994	37.0	37.0	37.0	37.0	37.0
130-134	35.563900691768374	37.0	37.0	37.0	37.0	37.0
135-139	35.547960771301554	37.0	37.0	37.0	37.0	37.0
140-144	35.49769465562942	37.0	37.0	37.0	37.0	37.0
145-149	35.31333851250325	37.0	37.0	37.0	34.6	37.0
150	35.198393494924815	37.0	37.0	37.0	25.0	37.0
>>END_MODULE
>>Per sequence quality scores	pass
#Quality	Count
12	160.0
13	741.0
14	1374.0
15	2044.0
16	2740.0
17	4264.0
18	5843.0
19	8250.0
20	11875.0
21	16939.0
22	23537.0
23	31289.0
24	40119.0
25	51376.0
26	64409.0
27	82563.0
28	105384.0
29	137033.0
30	179533.0
31	242247.0
32	344663.0
33	554895.0
34	1174704.0
35	4508452.0
36	2.7126452E7
37	1992848.0
>>END_MODULE
>>Per base sequence content	fail
#Base	G	A	T	C
1	28.63899690933065	12.768678093999167	19.118269922451354	39.474055074218825
2	26.96793713250184	22.561310854309692	31.175175064041543	19.295576949146927
3	27.869368994175314	25.198695398294273	21.406120118427616	25.525815489102797
4	29.35827230213086	30.66436118973897	17.52407150958821	22.453294998541963
5	28.460363089191638	30.87859437016131	20.18710763661359	20.47393490403346
6	22.70077731673929	32.91028365570225	20.9694933236701	23.419445703888357
7	20.391287358567233	16.276165208365896	38.50642922890927	24.826118204157606
8	22.108759081819354	19.820808746939225	27.6160795848224	30.45435258641902
9	23.603401386522002	19.74312392196337	28.351392969181504	28.302081722333117
10-14	25.216547573177927	25.717535568569517	24.33545767913446	24.730459179118093
15-19	25.25957343374553	24.179898999104804	25.258050298016542	25.302477269133128
20-24	25.248560116494822	24.994658402220814	24.890585632068916	24.866195849215448
25-29	25.204094467754217	24.926150524487646	24.847900243543737	25.021854764214396
30-34	25.120608820250496	25.025004812368195	24.868777712518515	24.985608654862794
35-39	25.20140010819929	24.939651739046756	24.776317767078663	25.08263038567529
40-44	25.21843883084906	24.90796373217658	24.799289412500883	25.07430802447348
45-49	25.25579134107665	24.856686188789357	24.728267757462856	25.159254712671142
50-54	25.155419091215244	24.923103027841652	24.80790540308761	25.113572477855495
55-59	25.27750535920854	24.835707075136924	24.67981441511868	25.206973150535855
60-64	25.13015075950657	24.86668857018815	24.759801041415262	25.243359628890023
65-69	25.27075031522856	24.872650733901946	24.712025586627135	25.144573364242355
70-74	25.242336287559308	24.87395534325111	24.691578361383783	25.192130007805797
75-79	25.23651863809839	24.82090239606312	24.71005828774003	25.232520678098467
80-84	25.212461919469504	24.857233845343536	24.712217168929644	25.218087066257315
85-89	25.302248478506673	24.880725014366014	24.628940758331815	25.188085748795498
90-94	25.25139531993731	24.85620257210365	24.668686895407394	25.22371521255165
95-99	25.326697633098284	24.887644498377636	24.664516009186098	25.121141859337982
100-104	25.387268971333725	24.84936835899067	24.577763188021137	25.18559948165447
105-109	25.36315320038	24.865091085532185	24.658540588652738	25.113215125435072
110-114	25.410490254137592	24.889106621516625	24.571361768868293	25.12904135547749
115-119	25.463301553582102	24.90477269351028	24.584192389692642	25.047733363214974
120-124	25.525377505867425	24.85663103622203	24.524092264763915	25.09389919314663
125-129	25.5472096627382	24.960494620351064	24.553848431761256	24.938447285149476
130-134	25.705242621194564	24.904029647324894	24.412204980294295	24.978522751186247
135-139	25.688830234483913	24.945775333012982	24.48721015410745	24.878184278395654
140-144	25.868870216252045	24.960199907751143	24.373469612216507	24.79746026378031
145-149	25.941453157610546	25.00659610459283	24.395531972607234	24.65641876518939
150	25.913910734045754	25.02386166081953	24.42716352307228	24.63506408206243
>>END_MODULE
>>Per sequence GC content	pass
#GC Content	Count
0	2964.0
1	2234.5
2	1229.5
3	842.0
4	681.0
5	635.5
6	643.5
7	640.0
8	655.0
9	718.5
10	786.0
11	883.5
12	1045.5
13	1221.0
14	1445.5
15	1865.0
16	2595.0
17	3759.0
18	5345.0
19	7724.0
20	11396.0
21	16664.0
22	24155.5
23	35513.0
24	51122.0
25	68304.5
26	88077.5
27	111808.5
28	137724.5
29	166584.0
30	197293.0
31	230739.0
32	271077.5
33	317684.5
34	371661.0
35	429389.0
36	494122.5
37	557606.5
38	626376.0
39	707695.0
40	784143.5
41	852874.0
42	924251.5
43	999154.0
44	1074469.5
45	1146628.5
46	1206982.0
47	1268468.0
48	1327843.5
49	1371496.5
50	1418739.5
51	1466717.5
52	1489108.5
53	1497349.0
54	1488556.0
55	1453151.5
56	1397669.5
57	1321488.5
58	1238964.5
59	1145927.0
60	1022863.5
61	890015.5
62	761533.0
63	640800.0
64	532882.0
65	436538.0
66	359196.0
67	305851.0
68	265343.5
69	220878.5
70	182853.0
71	157639.0
72	141256.5
73	130655.0
74	118131.5
75	104554.5
76	93121.0
77	84196.0
78	76444.0
79	67460.5
80	57749.5
81	49780.5
82	42377.5
83	35575.5
84	30126.0
85	23900.0
86	17095.0
87	12018.0
88	8486.0
89	5878.5
90	3835.0
91	2450.5
92	1684.0
93	1147.0
94	824.0
95	655.5
96	543.0
97	382.0
98	265.5
99	233.0
100	616.0
>>END_MODULE
>>Per base N content	pass
#Base	N-Count
1	1.0895105357575452E-5
2	0.0012393182344242076
3	0.0
4	0.0
5	0.0
6	0.0
7	0.0
8	0.0
9	0.0
10-14	0.0
15-19	0.0
20-24	0.0
25-29	0.0
30-34	3.2685316072726355E-6
35-39	0.0
40-44	1.6342658036363177E-6
45-49	2.723776339393863E-6
50-54	3.5354616885332335E-4
55-59	2.8872029197574945E-5
60-64	7.626573750302816E-6
65-69	1.5144196447029878E-4
70-74	0.0
75-79	2.7237763393938626E-5
80-84	6.918391902060412E-5
85-89	2.17902107151509E-6
90-94	9.805594821817906E-6
95-99	0.0
100-104	0.0
105-109	0.0
110-114	0.0
115-119	0.0
120-124	0.0
125-129	0.0
130-134	0.0
135-139	0.0
140-144	0.0
145-149	0.015538599260974109
150	7.626573750302816E-5
>>END_MODULE
>>Sequence Length Distribution	pass
#Length	Count
150	3.6713734E7
>>END_MODULE
>>Sequence Duplication Levels	fail
#Total Deduplicated Percentage	46.108043454625566
#Duplication Level	Percentage of deduplicated	Percentage of total
1	62.72244002705013	28.920089903473738
2	19.076109968609394	17.59124214755716
3	7.702619454616578	10.654581375837164
4	3.5999929814999656	6.639545313093899
5	2.017437147880537	4.651003984072584
6	1.1884919170281991	3.2879422173484474
7	0.7962665001279842	2.57000032725546
8	0.5671095207663543	2.091864834162156
9	0.379729368598605	1.5757720405507811
>10	1.8112442737429415	14.288449288688042
>50	0.08942630269360231	2.8208183394511037
>100	0.04629744400701758	3.8138447908886346
>500	0.002278887124003524	0.6846432682812036
>1k	5.430536011760595E-4	0.376465738826071
>5k	1.315265345177092E-5	0.03373643051354084
>10k+	0.0	0.0
>>END_MODULE
>>Overrepresented sequences	pass
>>END_MODULE
>>Adapter Content	pass
#Position	Illumina Universal Adapter	Illumina Small RNA 3' Adapter	Illumina Small RNA 5' Adapter	Nextera Transposase Sequence	SOLID Small RNA Adapter
1	1.3618881696969315E-5	3.268531607272635E-5	0.0	1.3618881696969315E-5	8.171329018181588E-6
2	1.6342658036363176E-5	7.898951384242202E-5	0.0	4.902797410908953E-5	1.089510535757545E-5
3	4.902797410908953E-5	8.171329018181588E-5	0.0	6.809440848484656E-5	2.996153973333249E-5
4	1.0895105357575452E-4	8.171329018181588E-5	0.0	9.260839553939134E-5	6.53706321454527E-5
5	1.2801748795151154E-4	8.171329018181588E-5	0.0	1.0077972455757292E-4	7.35419611636343E-5
6	1.4980769866666246E-4	8.71608428606036E-5	0.0	1.2801748795151154E-4	7.626573750302816E-5
7	1.7159790938181335E-4	9.260839553939134E-5	0.0	1.3346504063029927E-4	8.171329018181588E-5
8	2.3152098884847834E-4	1.0895105357575452E-4	0.0	1.7976923839999496E-4	8.71608428606036E-5
9	2.805489629575679E-4	1.0895105357575452E-4	0.0	1.7976923839999496E-4	9.260839553939134E-5
10-11	3.472814832727175E-4	1.171223825939361E-4	0.0	1.9611189643635812E-4	9.805594821817906E-5
12-13	4.289947734545334E-4	1.3074126429090543E-4	0.0	2.3969231786665992E-4	1.0214161272726985E-4
14-15	5.447552678787726E-4	1.5253147500605632E-4	0.0	3.037010618424157E-4	1.1576049442423917E-4
16-17	6.972867428848288E-4	1.5797902768484404E-4	0.0	3.4183393059392976E-4	1.4436014598787474E-4
18-19	8.620752114181576E-4	1.7159790938181335E-4	0.0	3.813286875151408E-4	1.470839223272686E-4
20-21	0.0011494336152242102	1.8249301473938882E-4	0.0	4.7938463573331984E-4	1.6206469219393483E-4
22-23	0.0014231731373332934	1.9202623192726733E-4	0.0	5.529265968969542E-4	1.8249301473938882E-4
24-25	0.001710531541139346	2.1381644264241824E-4	0.0	8.212185663272496E-4	1.8521679107878268E-4
26-27	0.002083688899636305	2.3969231786665992E-4	0.0	8.7433220494543E-4	2.0836888996363052E-4
28-29	0.002504512344072657	2.7782518661817403E-4	0.0	9.111031855272471E-4	2.2879721250908448E-4
30-31	0.0029362308938665842	2.9689162099393106E-4	0.0	9.437885015999735E-4	2.342447651878722E-4
32-33	0.003452386510181721	3.0506295001211264E-4	0.0	0.0010377587853090617	2.4377798237575071E-4
34-35	0.003956285132969585	3.159580553696881E-4	0.0	0.0010840629830787575	2.465017587151446E-4
36-37	0.004450650538569571	3.391101542545359E-4	0.0	0.0011099388583029992	2.4922553505453844E-4
38-39	0.004970891819393799	3.5136714778180833E-4	0.0	0.0011494336152242102	2.614825285818108E-4
40-41	0.005423038691733181	3.5681470046059605E-4	0.0	0.0011943759248242089	2.696538575999924E-4
42-43	0.005995031723005893	3.7043358215756535E-4	0.0	0.0012093566946908751	2.7373952210908324E-4
44-45	0.006632395386424055	3.813286875151408E-4	0.0	0.0012747273268363278	2.859965156363556E-4
46-47	0.00729154926055737	3.895000165333224E-4	0.0	0.0013387360708120835	2.941678446545372E-4
48-49	0.008067825517284622	3.990332337212009E-4	0.0	0.001348269287999962	2.996153973333249E-4
50-51	0.008845463662181568	4.126521154181702E-4	0.0	0.0013714213868848098	2.996153973333249E-4
52-53	0.009832832585211844	4.235472207757457E-4	0.0	0.0013932115975999607	2.996153973333249E-4
54-55	0.010795687521187574	4.4806120783029044E-4	0.0	0.0014163636964848088	3.1868183170908194E-4
56-57	0.011841617635514818	4.6712764220604747E-4	0.0	0.0014463252362181412	3.3638637791514204E-4
58-59	0.013277047766375383	4.95727293769683E-4	0.0	0.0014613060060848075	3.540909241212022E-4
60-61	0.015270852046811691	5.052605109575615E-4	0.0	0.0015008007630060184	3.6226225313938377E-4
62-63	0.017621471027708595	5.107080636363492E-4	0.0	0.0015443811844363202	3.7451924666665615E-4
64-65	0.01981547286909035	5.365839388605909E-4	0.0	0.0015770665005090465	3.8405246385453466E-4
66-67	0.022217843600435737	5.57012261406045E-4	0.0	0.0015974948230545005	3.9222379287271624E-4
68-69	0.025419642687393225	5.815262484605897E-4	0.0	0.001626094474618136	4.0584267456968555E-4
70-71	0.029781770494932497	6.169353408727099E-4	0.0	0.0016533322380120747	4.2627099711513956E-4
72-73	0.0349283458882172	6.237447817211946E-4	0.0	0.0016764843368969225	4.412517669818058E-4
74-75	0.04063601920741704	6.55068209624224E-4	0.0	0.0017187028701575275	4.466993196605935E-4
76-77	0.04723572927776837	6.618776504727086E-4	0.0	0.001750026298060557	4.548706486787751E-4
78-79	0.055138766326519664	6.714108676605871E-4	0.0	0.0017936067194908587	4.6712764220604747E-4
80-81	0.06521673878227696	6.863916375272534E-4	0.0	0.001981547286909035	4.7938463573331984E-4
82-83	0.07747509419771903	6.891154138666472E-4	0.0	0.0020687081297696384	4.889178529211984E-4
84-85	0.09137588674581561	7.013724073939196E-4	0.0	0.002124545544727213	4.930035174302891E-4
86-87	0.10738896784511212	7.245245062787675E-4	0.0	0.002172211630666605	4.984510701090769E-4
88-89	0.12584119065633587	7.299720589575553E-4	0.0	0.002189916176872666	5.093461754666523E-4
90-91	0.14787381746569284	7.558479341817969E-4	0.0	0.0022334965983029677	5.256888335030155E-4
92-93	0.1727773045367709	7.721905922181601E-4	0.0	0.0022552868090181186	5.324982743515001E-4
94-95	0.2019870820004307	7.803619212363417E-4	0.0	0.0022743532433938756	5.474790442181665E-4
96-97	0.23495022325977521	7.817238094060386E-4	0.0	0.0022975053422787236	5.624598140848327E-4
98-99	0.2720153716862469	7.994283556120987E-4	0.0	0.00233019065835145	5.733549194424082E-4
100-101	0.3135502370856639	8.103234609696742E-4	0.0	0.0023696854152726607	5.896975774787713E-4
102-103	0.3611822758208141	8.239423426666435E-4	0.0	0.002376494856121145	6.169353408727099E-4
104-105	0.41450019766444895	8.402850007030066E-4	0.0	0.002405094507684781	6.278304462302854E-4
106-107	0.4719841354191867	8.620752114181576E-4	0.0	0.002428246606569629	6.400874397575577E-4
108-109	0.5344253461116213	9.002080801696717E-4	0.0	0.002443227376436295	6.441731042666485E-4
110-111	0.6041621917291224	9.219982908848226E-4	0.0	0.002445951152775689	6.482587687757393E-4
112-113	0.6801106092886112	9.437885015999735E-4	0.0	0.002459570034472658	6.659633149817994E-4
114-115	0.7638544747314452	9.505979424484581E-4	0.0	0.002466379475321143	6.836678611878595E-4
116-117	0.8543655624895032	9.587692714666397E-4	0.0	0.0024731889161696274	6.918391902060411E-4
118-119	0.9519611925063247	9.737500413333059E-4	0.0	0.00250315045590296	7.122675127514952E-4
120-121	1.057925625325934	9.941783638787599E-4	0.0	0.002512683673090838	7.272482826181614E-4
122-123	1.1754129939493487	0.0010445682261575463	0.0	0.002516769337599929	7.340577234666461E-4
124-125	1.3021366881396483	0.0010786154303999696	0.0	0.002519493113939323	7.381433879757368E-4
126-127	1.4388062516332445	0.0010827010949090604	0.0	0.002522216890278717	7.449528288242215E-4
128-129	1.5838759413575312	0.001094958088436333	0.0	0.002526302554787808	7.558479341817969E-4
130-131	1.7431542103562663	0.001112662634642393	0.0	0.0025589878708605343	7.790000330666448E-4
132-133	1.9174200586625156	0.0011303671808484531	0.0	0.0025875875224241696	7.926189147636141E-4
134-135	2.1045571120605713	0.0011385385098666347	0.0	0.0025889494105938663	7.980664674424018E-4
136-137	2.3048772429412927	0.0011793951549575426	0.0	0.002617549062157502	8.062377964605834E-4
138	2.462560740893313	0.0011957378129939058	0.0	0.00262299661483629	8.089615727999772E-4
>>END_MODULE
>>Kmer Content	fail
#Sequence	Count	PValue	Obs/Exp Max	Max Obs/Exp Position
GATCGTA	6905	0.0	14.1807785	5
ATCGTAC	7015	0.0	13.753143	6
CGTACTA	6690	0.0	12.591707	8
CGCGGTT	7470	0.0	11.759005	1
CGCGAGT	4915	0.0	11.572707	1
CGGGAAT	11425	0.0	10.209164	1
GGATCGT	11430	0.0	10.141554	4
GGGATCG	15285	0.0	9.373732	3
CTCGGGT	19900	0.0	9.009022	1
CGGGGAT	21845	0.0	8.635363	1
TCGACCG	4640	0.0	8.534332	7
CGGGAAC	19270	0.0	8.406828	1
CGGGATT	11020	0.0	8.166947	1
TCGGGTC	13420	0.0	8.101319	2
CGGAAAT	9720	0.0	8.074053	1
CTCGGAT	18395	0.0	8.063039	1
CCGGGAT	19240	0.0	8.045716	1
CTCGATT	9520	0.0	7.9411554	1
CGGGTAT	5740	0.0	7.902418	1
CTCGAAT	10810	0.0	7.859369	1
>>END_MODULE
